20 21 4
22 1 5
36 18 21
12 17 25
27 27 6
21 17 48
15 45 36
9 23 22
36 17 26
1 30 19
48 20 46
39 24 44
49 32 2
10 31 19
25 13 4
27 2 37
1 41 43
39 44 33
16 41 16
35 11 32
11 27 32
1 26 39
6 9 1
37 2 45
7 4 14
45 42 4
48 15 41
5 25 23
17 40 19
13 7 12
24 40 32
4 42 24
16 28 28
11 9 31
42 46 17
14 7 29
9 14 9
32 29 18
38 18 18
14 34 1
29 35 40
36 39 49
5 32 45
26 35 8
14 42 23
22 8 19
27 25 24
20 26 46
23 48 13
48 9 47
12 27 9
45 34 43
19 3 36
25 29 6
21 42 21
38 3 40
28 5 9
7 10 43
9 5 48
31 47 46
47 40 46
17 43 45
16 46 24
23 15 15
46 8 34
30 35 4
45 16 32
16 12 47
37 36 34
17 16 5
43 26 12
9 2 19
34 37 29
3 14 49
9 22 40
10 44 13
15 31 10
47 36 20
6 6 49
15 12 45
37 16 6
6 31 9
37 24 16
12 17 11
44 11 24
46 15 6
16 14 34
23 14 31
37 35 12
29 32 1
12 48 15
34 48 11
30 23 48
14 17 8
43 46 33
1 15 47
10 9 6
22 6 16
8 31 47
11 10 21
14 31 48
45 43 29
17 26 34
7 24 4
23 27 33
11 29 18
47 34 26
9 8 24
25 49 11
10 42 33
5 21 12
29 38 40
19 14 24
16 41 48
12 16 2
15 20 38
49 16 40
25 23 38
26 6 13
17 8 24
17 32 13
40 5 34
10 4 12
41 44 4
5 43 49
46 41 7
8 23 26
19 3 9
17 15 48
15 37 14
9 37 7
12 48 22
6 46 31
27 5 25
26 19 22
31 4 14
10 32 1
45 16 44
45 30 8
29 36 38
33 6 28
34 24 30
35 49 8
36 48 30
44 14 11
1 48 37
27 6 10
30 34 26
24 43 1
28 2 11
32 36 39
11 13 8
47 5 24
32 35 12
39 36 47
32 17 20
13 40 25
43 15 35
29 34 36
3 4 44
9 42 19
47 7 34
44 3 39
21 19 42
13 4 22
9 30 34
38 9 48
42 35 10
3 16 3
9 21 6
41 37 46
2 4 45
3 31 2
25 9 9
30 17 39
6 37 46
40 18 6
3 40 2
20 38 11
33 42 39
34 12 6
15 7 2
6 18 43
17 31 13
48 26 21
28 35 36
35 2 9
1 1 3
31 34 17
17 49 9
44 23 45
41 16 24
38 2 8
7 26 47
31 16 32
15 33 7
41 9 25
45 13 13
49 37 38
25 14 46
30 3 13
14 21 28
49 11 37
27 24 2
37 14 8
46 20 5
13 38 38
8 39 11
44 48 13
1 41 45
20 24 6
11 25 2
25 36 41
31 4 7
27 8 7
43 25 32
29 44 8
12 21 39
16 36 5
31 47 41
19 43 13
28 20 18
1 40 23
28 37 35
11 16 39
21 40 17
36 41 23
34 23 36
46 37 27
31 44 41
27 22 13
42 43 24
25 16 43
5 11 13
16 9 32
37 34 13
7 48 17
13 49 29
35 24 32
33 39 46
33 5 30
37 40 45
48 23 7
36 41 38
45 38 20
27 36 29
4 32 33
27 14 3
5 47 32
24 25 35
23 13 29
47 32 44
33 14 36
15 25 41
26 36 44
11 5 24
42 13 33
21 27 19
4 41 2
46 47 31
28 26 31
36 17 11
15 9 27
2 22 3
17 31 49
21 44 18
43 22 38
18 47 31
42 39 20
6 5 10
22 49 42
23 37 15
6 26 42
11 21 1
39 7 11
11 20 47
26 20 45
23 9 40
7 24 26
25 34 1
24 48 21
20 25 40
34 7 41
8 42 12
43 5 49
29 3 22
6 6 48
46 43 13
29 15 28
10 13 30
9 7 27
9 16 15
46 28 3
19 32 7
1 38 40
29 30 28
46 36 40
46 42 14
34 31 23
45 10 17
41 28 6
34 5 49
26 35 28
12 35 5
33 22 25
27 12 48
9 12 6
9 7 17
28 1 41
2 27 9
23 14 28
31 10 1
10 30 27
34 29 7
25 28 46
28 16 27
26 44 23
36 21 2
16 6 30
34 28 19
