5 28 22
1 16 1
5 13 6
14 14 3
13 15 2
29 28 12
13 2 3
16 23 1
17 19 1
16 16 12
27 4 8
17 7 26
13 15 6
12 16 6
19 22 18
10 10 14
17 18 10
21 23 8
29 15 3
16 14 10
22 27 1
7 27 3
24 26 4
24 8 21
19 27 1
18 2 5
10 17 21
4 17 11
7 8 11
5 16 23
27 26 21
7 22 1
20 1 24
4 6 28
1 26 19
26 9 18
8 19 17
26 15 8
23 6 17
26 29 7
6 9 16
29 13 22
26 29 26
2 15 21
2 5 27
19 28 25
26 5 7
17 6 17
26 12 8
19 21 20
23 1 12
18 3 24
4 2 27
12 29 18
24 8 1
26 17 9
2 24 2
17 4 21
11 24 12
10 10 17
7 15 13
21 17 27
17 17 15
14 10 9
29 3 8
12 9 15
9 6 3
25 1 8
13 4 13
28 13 5
22 12 22
10 19 15
24 19 2
22 14 28
2 8 4
5 4 22
17 26 29
16 28 5
15 21 27
22 28 3
