13 38 28
28 15 34
20 5 18
6 37 7
36 11 14
28 34 7
37 1 14
12 9 17
23 21 24
10 12 2
3 3 9
4 29 37
21 35 16
16 39 31
6 36 27
18 29 14
8 5 4
13 7 31
23 6 25
34 22 8
30 7 10
17 33 26
2 14 36
9 30 8
12 1 34
32 2 11
14 36 3
22 32 38
16 19 9
27 2 5
7 18 39
6 7 34
20 3 8
16 30 31
18 22 39
2 15 26
9 13 15
7 2 2
14 7 4
15 30 22
11 16 10
4 16 13
32 29 24
2 29 6
15 34 4
8 6 17
7 23 7
3 38 3
19 21 15
10 2 12
14 30 18
10 12 15
22 14 36
37 6 32
16 1 36
32 36 2
7 6 14
19 26 9
5 11 22
12 30 1
8 1 38
7 4 14
27 34 32
1 25 5
26 18 14
35 14 30
25 10 39
32 10 36
28 18 4
35 33 38
14 17 15
33 4 39
27 16 26
34 14 23
16 31 9
26 31 9
31 34 26
12 20 7
10 8 38
12 33 14
3 29 13
15 3 10
19 23 34
5 2 10
15 11 5
6 36 23
25 27 35
16 24 16
8 34 37
26 29 6
31 31 1
2 20 37
25 32 12
20 30 31
33 8 20
5 21 33
14 5 30
32 31 22
1 10 4
13 23 9
36 35 36
14 33 11
3 26 25
20 18 28
14 24 13
23 21 37
37 2 21
8 10 3
35 7 11
33 37 5
21 9 15
12 2 3
20 36 23
9 20 4
5 11 17
33 10 10
11 21 1
31 2 24
32 3 15
34 35 23
23 16 11
22 21 7
11 28 19
28 39 13
17 33 28
37 23 29
15 35 37
15 1 26
11 30 33
6 20 12
36 37 25
26 19 32
6 10 33
4 30 14
10 33 20
18 33 14
18 38 5
30 17 7
7 22 7
39 9 1
20 32 24
31 17 25
17 2 20
31 6 19
7 7 34
3 4 15
28 10 15
10 28 3
4 3 14
33 38 1
34 33 22
11 22 23
8 28 22
18 20 5
39 14 28
13 37 23
19 6 31
39 3 7
12 12 28
33 36 24
