55 50 35 60
50 48 65 38
27 46 68 14
7 54 39 8
55 53 37 62
27 1 14 40
6 3 25 14
55 11 17 57
56 3 40 55
65 1 54 58
17 5 27 61
64 34 36 38
61 23 40 61
19 26 30 28
1 25 16 4
36 53 5 4
55 3 18 69
9 64 47 28
60 9 41 61
69 23 31 45
42 66 54 62
37 4 36 23
41 59 34 8
8 41 48 34
48 31 18 68
40 15 48 14
6 51 9 67
68 69 53 24
59 57 40 69
45 16 55 23
20 35 21 9
22 7 10 68
54 15 7 68
2 40 1 4
1 69 65 26
59 67 7 58
57 32 44 5
61 39 45 65
69 69 13 21
50 35 18 23
65 41 19 57
45 35 13 66
47 1 44 41
17 18 53 44
67 25 37 12
61 48 24 13
23 10 3 38
43 9 54 61
16 21 26 68
21 32 33 34
60 68 13 7
64 31 36 61
13 61 38 19
37 68 6 47
3 42 21 1
13 3 48 31
49 9 48 65
64 18 42 43
18 36 43 44
43 53 34 63
16 28 62 18
4 44 21 66
56 56 29 58
64 58 59 38
34 42 67 53
23 53 40 45
53 13 14 36
67 50 32 2
26 43 6 4
21 64 12 10
16 14 36 15
17 57 58 54
4 4 23 63
7 55 65 32
16 25 49 24
61 50 23 37
29 18 34 14
29 51 31 54
5 40 27 41
29 18 5 38
55 56 47 24
57 19 11 2
16 18 68 58
3 6 59 9
57 66 25 30
41 25 32 65
52 61 48 17
49 5 7 63
57 54 8 59
44 44 19 8
15 19 57 1
45 18 41 22
11 21 58 50
17 37 33 41
7 9 26 4
55 43 23 57
6 11 49 45
55 34 60 24
62 36 69 41
35 21 14 26
52 22 31 31
20 52 10 19
26 37 25 34
26 57 54 40
40 28 37 11
54 37 12 22
59 50 44 42
16 41 60 16
48 1 44 61
53 50 27 59
32 1 40 62
11 35 15 28
68 41 64 10
29 52 38 15
29 13 49 24
60 55 2 64
67 24 52 62
47 17 29 49
27 59 4 69
65 69 36 33
30 55 2 4
26 52 5 33
53 11 65 32
39 9 28 2
62 17 8 60
5 13 67 6
8 48 31 50
2 69 21 69
44 64 31 39
64 33 40 56
25 29 59 26
48 54 13 38
57 6 31 66
26 55 65 49
31 46 50 11
61 44 50 53
6 50 27 28
56 7 49 29
33 5 5 63
6 46 38 64
6 20 34 37
69 16 8 44
26 57 5 59
6 59 43 48
48 69 60 33
40 15 27 33
11 42 64 16
39 27 24 23
9 12 61 59
14 23 15 26
36 64 13 24
29 69 62 58
41 8 14 12
64 14 35 65
18 15 19 66
48 36 11 17
1 7 22 6
7 48 18 20
59 19 41 64
18 45 4 40
12 56 56 68
35 63 55 30
63 28 40 35
62 65 29 16
1 62 65 33
7 63 69 7
54 69 34 44
23 53 9 66
26 8 13 18
61 40 69 38
5 52 14 60
43 49 68 4
47 29 66 56
31 10 56 62
20 27 40 38
33 66 51 31
22 48 17 27
47 67 26 26
28 69 69 28
65 66 59 60
61 33 37 7
4 62 48 11
37 51 24 24
65 12 33 58
3 20 47 4
9 57 17 8
32 26 13 68
22 8 8 60
24 65 65 43
43 1 38 8
35 7 33 69
46 32 34 28
42 34 64 60
50 32 68 14
68 11 24 30
43 29 12 3
20 9 64 69
66 4 53 29
6 46 37 58
1 10 24 27
26 52 68 9
17 53 13 32
36 34 55 12
29 40 21 18
25 31 25 55
41 51 69 67
20 6 67 56
43 9 12 41
41 45 56 2
63 19 5 44
27 31 9 5
33 59 20 37
58 18 11 8
39 54 12 1
49 12 19 1
42 36 64 25
13 26 53 59
63 44 9 6
48 26 7 45
40 10 33 39
6 1 23 42
42 64 60 38
22 64 30 32
64 29 8 51
57 32 30 47
3 18 6 58
54 29 44 29
37 39 66 42
11 42 34 47
27 16 52 63
32 41 46 8
3 8 39 64
17 60 38 9
53 14 4 54
53 25 13 39
31 9 5 33
56 6 25 66
10 39 31 47
5 18 21 7
57 24 39 63
52 10 23 32
22 25 66 11
37 47 22 57
18 50 10 56
47 30 53 66
38 31 40 49
13 28 6 20
52 65 14 30
9 1 69 66
21 63 10 22
51 62 35 44
36 23 31 51
47 52 51 6
52 6 2 40
48 66 35 3
15 48 2 10
43 3 32 31
20 59 28 49
16 8 16 39
30 38 32 37
48 43 61 56
53 40 33 10
24 28 42 19
18 26 55 1
17 52 30 11
59 6 5 5
49 58 20 61
6 15 23 55
37 52 1 10
2 39 18 32
66 19 59 43
30 13 49 3
28 54 40 58
52 30 30 2
36 2 27 36
4 33 41 48
8 59 6 26
16 66 22 58
66 56 27 4
69 18 45 14
44 28 11 1
28 6 32 49
59 32 66 14
7 68 13 34
62 53 20 67
32 64 42 18
8 67 31 46
19 41 63 38
48 25 46 44
43 24 46 56
3 19 16 55
18 22 44 27
36 57 33 54
34 21 36 65
37 34 5 38
21 7 64 48
62 53 65 62
38 28 22 57
17 52 38 4
7 54 42 42
56 35 52 41
26 1 53 17
60 34 5 19
55 65 32 33
43 30 23 20
62 43 56 34
20 31 67 27
17 24 40 41
65 22 27 51
24 63 25 52
62 3 14 14
17 13 66 61
10 22 22 66
27 60 27 40
56 32 6 10
10 60 56 46
56 61 67 4
58 55 69 47
14 11 45 29
23 42 6 18
49 23 14 21
36 15 1 61
41 2 4 59
9 39 44 52
57 27 54 13
58 50 33 30
14 69 46 47
40 55 47 44
58 22 9 53
31 56 41 29
16 22 1 3
45 51 63 34
52 10 27 64
37 35 43 36
25 19 41 45
20 36 56 38
60 22 25 67
20 6 22 64
67 36 37 66
61 54 51 33
66 37 44 2
4 38 15 43
51 67 1 35
44 22 8 58
53 4 55 67
37 11 28 45
59 11 40 60
27 22 31 60
54 5 47 4
48 57 25 69
48 19 17 46
10 23 30 63
16 48 49 66
55 32 1 19
4 45 33 22
17 55 59 12
22 59 29 48
8 14 1 5
62 55 67 54
18 29 45 9
63 61 56 66
50 47 22 13
39 8 20 63
20 6 49 18
16 8 10 11
1 69 53 23
41 66 18 4
21 35 57 33
5 67 30 2
20 63 5 66
69 32 25 6
44 38 31 50
3 12 28 62
69 47 61 26
4 50 51 51
43 13 36 35
23 34 9 34
13 5 12 6
51 49 15 24
32 15 12 28
34 36 11 37
38 1 44 26
28 37 3 62
69 39 30 37
52 69 24 44
42 37 41 2
23 36 37 41
2 19 60 11
20 16 10 11
36 18 54 39
35 36 34 33
19 22 16 2
8 69 38 29
10 9 42 24
7 6 37 56
68 55 64 68
66 38 38 48
42 53 28 17
22 62 7 33
18 9 45 21
39 14 25 44
5 10 9 20
68 6 38 67
60 47 55 18
10 57 60 43
16 50 67 54
23 48 50 40
62 15 62 30
20 6 10 17
53 64 32 32
47 7 56 9
61 63 3 21
63 40 3 68
45 14 39 2
21 47 37 59
49 14 15 33
48 42 55 63
30 25 11 59
3 12 42 61
68 4 38 16
38 66 60 38
19 32 35 65
21 39 48 55
24 16 50 57
46 16 46 60
5 65 14 6
47 38 34 65
4 62 69 65
30 20 42 21
17 32 4 27
66 31 24 42
40 17 40 66
7 10 63 1
48 57 31 60
56 58 68 7
36 34 42 30
16 1 62 8
22 46 39 26
60 35 55 48
30 50 22 21
55 56 65 13
56 19 18 51
28 17 19 24
7 25 6 25
22 55 61 50
64 4 47 18
32 62 64 31
40 25 30 32
29 47 14 58
7 22 33 8
39 15 27 16
55 67 64 62
35 62 41 67
35 32 64 34
64 3 68 19
66 21 16 43
61 18 17 55
29 47 37 31
10 15 33 40
19 31 56 45
66 57 42 12
8 3 35 31
33 66 29 60
52 29 67 14
61 18 62 23
68 64 60 53
42 54 28 23
17 39 29 7
23 14 63 64
18 7 22 33
59 2 12 47
33 64 14 59
47 16 56 39
61 60 48 25
8 61 38 47
27 67 22 6
19 61 3 2
2 8 20 24
4 64 8 55
31 18 27 39
15 14 18 1
51 16 52 61
1 29 62 37
21 42 20 41
6 25 33 46
22 3 59 59
24 56 47 58
25 7 50 6
25 53 8 29
48 40 46 31
23 10 25 8
52 37 51 59
43 25 21 60
40 57 58 41
36 51 62 22
15 56 19 47
36 21 8 56
45 29 14 16
49 44 26 56
21 55 34 43
38 54 3 19
36 13 29 15
24 27 39 7
38 68 22 68
31 31 25 60
48 50 2 10
36 44 47 29
69 50 48 48
47 53 57 2
21 49 32 47
27 68 45 16
48 19 68 15
18 66 10 37
59 31 41 59
17 46 31 34
30 26 9 55
53 5 56 1
55 2 6 62
65 36 5 63
39 40 2 38
54 38 59 52
2 41 25 69
4 54 39 66
4 17 43 38
25 54 53 23
16 31 27 43
21 11 42 54
35 19 4 61
5 23 25 46
15 15 7 49
51 48 16 2
42 21 57 55
69 7 67 66
1 50 39 37
18 66 5 32
28 62 54 47
20 12 29 59
1 68 49 23
56 2 53 29
1 8 13 13
49 37 27 50
57 3 8 44
61 53 57 19
13 68 47 14
49 36 36 68
18 51 1 28
57 65 49 42
23 28 12 65
41 16 69 39
65 25 34 57
29 36 28 23
27 7 57 62
3 29 56 40
5 28 69 64
8 64 8 43
6 52 52 64
58 44 33 63
59 64 58 55
46 37 37 52
8 21 69 8
68 50 32 11
3 15 13 54
36 61 12 56
49 37 8 64
61 29 5 31
7 3 69 9
26 23 21 14
9 44 5 69
4 41 7 39
45 7 26 41
44 28 67 5
31 13 49 17
57 32 52 2
24 11 61 46
3 34 41 45
24 3 40 46
43 23 41 34
6 23 31 42
8 26 43 17
18 47 26 30
10 29 39 66
51 6 67 9
61 64 57 29
27 30 41 46
16 19 6 28
7 28 45 67
21 54 40 48
13 14 64 30
41 14 20 23
32 40 7 68
6 14 59 30
40 2 57 43
12 11 16 36
21 18 67 15
9 54 13 18
58 12 57 56
31 64 23 59
44 8 37 35
23 27 16 50
3 2 68 11
19 37 50 18
40 48 52 2
13 2 36 28
13 33 11 21
58 3 60 52
26 65 17 18
36 60 42 19
5 22 25 9
67 40 3 49
58 65 50 12
11 14 34 39
41 60 63 48
40 48 14 68
9 22 31 41
52 41 31 63
62 50 51 67
41 5 35 37
66 48 4 56
29 61 7 59
4 54 29 53
65 25 30 48
18 6 28 38
43 35 66 48
34 19 30 29
66 45 33 3
2 12 59 64
60 39 6 61
56 16 6 48
66 52 24 64
63 33 34 69
44 17 24 28
50 55 48 31
12 24 62 35
54 40 56 8
7 1 50 68
2 6 29 37
57 61 35 39
6 7 29 67
6 7 16 18
58 56 22 29
46 21 6 52
21 53 7 34
54 56 62 41
62 36 12 5
39 37 48 42
69 18 61 20
61 10 22 1
2 40 31 36
38 55 49 1
5 9 40 3
16 12 26 56
58 50 65 56
66 54 37 36
45 32 18 30
66 52 28 12
27 33 52 30
6 33 3 66
6 51 13 3
21 2 36 30
11 65 55 23
54 69 24 2
45 18 49 46
47 17 38 36
4 43 50 20
44 64 35 7
25 59 43 54
38 24 66 67
47 42 22 58
12 60 25 3
26 15 31 23
40 60 34 66
40 47 21 54
39 22 29 21
46 30 17 43
37 46 52 8
59 60 54 65
25 58 68 60
16 16 20 40
29 63 31 27
44 65 55 47
48 36 2 46
32 15 20 11
35 65 49 28
3 20 50 48
41 51 40 47
19 5 32 8
28 18 67 9
62 52 58 31
51 19 51 41
11 49 15 55
15 42 64 2
69 60 39 65
21 44 16 13
7 13 42 29
46 69 10 24
11 4 63 12
15 53 44 9
35 52 30 26
9 61 45 4
48 14 47 58
39 67 68 44
58 46 10 1
69 26 9 60
56 15 58 53
30 21 17 35
26 4 16 20
47 26 22 57
22 68 40 44
53 67 9 1
41 42 49 9
64 2 53 10
28 14 47 26
57 27 42 5
50 16 60 42
68 59 64 35
39 52 29 56
37 15 65 32
66 42 6 43
61 26 40 41
44 59 59 5
36 67 29 16
53 56 5 45
46 23 40 8
9 56 49 17
67 42 33 4
61 39 8 65
49 24 66 6
32 36 33 51
12 61 45 63
32 54 47 46
68 26 20 40
40 36 21 61
69 29 56 48
55 49 6 44
31 23 39 49
35 62 66 22
65 46 20 5
18 15 37 62
19 48 8 11
19 48 44 35
8 48 22 25
61 61 15 63
21 22 11 56
49 10 60 11
61 40 20 39
2 9 49 49
29 67 30 6
48 28 14 51
23 62 25 36
51 7 34 33
63 27 29 17
17 14 4 54
32 53 63 13
18 48 58 14
61 60 38 31
68 61 20 29
20 56 16 64
11 21 47 49
54 28 12 61
44 28 69 48
29 60 14 5
41 45 63 57
51 28 32 27
48 53 66 6
53 41 12 31
19 29 46 65
10 63 64 30
16 24 25 48
50 49 52 13
33 65 4 35
4 33 2 30
58 43 17 57
23 16 59 28
58 44 63 11
57 27 31 29
53 66 67 13
69 23 49 18
10 43 56 52
37 49 16 12
11 42 48 23
19 10 69 64
60 65 23 57
44 43 55 33
26 59 55 63
2 16 5 56
59 3 34 15
28 37 52 9
44 30 6 9
55 2 16 50
34 62 23 69
49 34 34 58
43 66 24 62
37 61 10 31
22 20 60 32
32 32 56 66
22 47 25 17
32 5 18 2
67 51 4 46
27 56 69 10
69 21 23 39
22 33 25 39
33 51 8 59
37 46 17 54
21 11 63 62
58 17 15 54
8 36 65 30
9 40 26 29
37 14 31 14
34 66 17 2
28 6 62 62
5 59 59 61
3 49 1 44
34 67 25 7
56 58 39 21
56 28 17 29
50 37 35 47
6 14 51 28
37 32 64 46
67 15 62 38
57 10 42 38
7 1 62 2
64 31 42 60
13 15 1 2
44 23 56 18
57 44 42 13
11 56 32 40
53 61 2 20
43 34 18 65
67 42 11 30
25 28 15 42
44 14 22 12
27 50 51 62
15 60 24 28
7 40 28 24
68 28 18 10
6 31 26 69
45 55 67 17
26 22 35 38
15 67 47 50
50 63 41 41
59 57 3 34
52 46 22 18
49 38 28 28
57 7 49 65
62 8 23 61
15 60 27 7
57 1 35 58
68 42 52 8
66 59 53 24
12 36 63 45
39 32 37 32
62 64 4 21
60 31 15 3
67 43 39 13
52 29 21 31
12 43 68 58
15 27 69 45
47 40 52 42
50 63 61 69
45 69 22 30
36 10 56 39
39 4 61 43
31 54 4 2
34 45 3 5
55 40 30 32
34 63 5 4
24 60 62 21
52 31 42 24
23 29 57 47
15 59 56 46
30 29 68 46
59 31 39 23
51 24 68 4
47 13 4 59
12 24 40 1
27 15 58 55
16 69 13 34
67 28 22 66
44 54 34 17
61 8 12 8
27 45 2 69
32 53 13 30
30 30 69 65
60 69 28 34
54 64 59 42
38 46 57 43
59 13 23 3
69 54 56 55
23 68 66 35
41 11 64 30
63 43 16 17
27 35 14 51
40 56 5 14
30 8 40 39
33 51 7 32
63 23 22 54
28 6 61 67
8 44 45 49
25 30 21 59
1 61 54 14
67 5 43 11
14 4 9 13
37 35 62 4
13 42 26 68
67 2 49 59
21 14 57 44
10 10 42 2
2 34 64 65
1 48 40 35
10 16 11 11
61 69 21 58
11 51 36 33
37 26 26 51
63 50 25 34
2 61 34 24
29 59 22 50
42 1 7 14
7 33 38 41
53 58 38 50
10 47 41 26
34 55 24 46
44 24 27 21
26 69 66 55
46 59 38 44
66 63 45 2
37 61 44 27
36 49 3 26
55 9 17 7
20 50 28 49
54 8 7 51
35 39 63 15
50 18 22 53
17 9 23 57
58 69 51 59
41 38 65 12
52 42 59 52
41 27 43 58
19 68 64 31
20 15 23 60
29 29 67 25
40 68 37 65
3 27 69 37
52 66 16 36
41 55 45 54
68 9 48 66
61 60 67 30
4 16 67 28
59 17 13 6
12 13 58 66
35 33 29 26
45 67 59 25
62 7 69 65
47 55 25 20
46 9 48 64
46 59 5 68
16 28 66 40
53 65 10 41
9 33 9 5
33 63 10 62
53 42 6 31
42 41 19 64
45 13 54 15
66 57 35 45
62 59 58 16
24 30 3 1
43 52 66 46
6 44 42 48
26 4 50 29
54 4 61 45
61 35 26 5
20 14 9 2
44 35 31 20
3 24 33 12
9 24 13 30
6 67 55 62
65 19 33 37
53 20 58 4
39 43 32 4
32 35 18 11
7 15 9 9
22 58 44 42
5 50 45 68
34 27 37 51
58 51 1 67
36 32 27 58
41 50 36 28
57 63 40 48
51 4 2 54
29 41 3 24
13 61 68 42
25 68 26 25
1 30 49 42
35 44 15 29
13 11 32 62
46 64 13 17
47 50 15 53
4 15 69 11
67 39 12 65
56 41 21 56
45 66 36 27
63 47 27 53
65 32 58 14
55 10 65 5
9 18 20 12
24 64 14 66
10 57 28 55
23 22 46 18
3 57 4 4
22 40 49 31
67 29 13 22
30 23 67 68
54 8 69 61
66 24 44 38
41 58 69 17
14 14 26 44
56 11 68 3
26 62 7 69
30 40 51 18
27 52 42 28
50 17 20 13
41 49 47 43
29 62 58 5
19 7 27 20
15 31 40 49
68 41 35 34
15 55 23 13
22 50 24 61
26 49 36 38
46 13 38 58
19 49 54 20
67 68 27 6
62 48 44 45
37 68 57 26
62 19 43 32
31 30 19 44
53 19 63 48
14 37 61 31
68 66 39 4
37 21 50 42
49 51 37 36
35 69 11 39
66 43 28 23
28 69 39 37
9 36 24 61
4 68 45 58
22 3 53 55
35 48 41 51
63 60 42 58
17 48 28 50
20 22 25 33
24 58 23 12
44 63 20 33
23 25 22 44
13 12 11 38
33 65 38 29
41 46 53 17
1 1 63 65
61 23 68 12
22 11 50 20
27 29 3 48
4 32 13 56
62 41 14 40
9 11 13 42
18 8 23 59
26 53 40 32
51 6 48 27
61 56 17 31
56 9 15 53
12 49 4 13
52 12 62 16
26 14 2 45
54 66 10 69
45 63 8 59
14 40 20 27
2 27 19 60
2 21 33 9
44 67 8 9
66 11 53 4
1 32 56 50
38 16 65 11
56 5 32 18
23 57 42 28
15 33 69 43
54 37 37 3
63 53 5 36
42 14 14 15
23 45 61 44
60 15 64 4
34 17 47 7
44 32 30 42
57 20 25 2
24 18 23 24
45 43 37 64
9 49 65 2
11 10 63 60
43 30 47 12
22 58 59 52
6 50 50 30
51 30 33 19
63 31 39 38
40 44 46 8
56 19 65 59
10 22 59 53
9 5 15 27
32 65 31 52
16 41 65 68
14 69 14 20
2 45 28 8
53 32 5 51
46 40 27 17
14 21 10 13
25 39 25 61
31 52 50 7
56 11 55 57
69 61 63 67
28 9 34 2
67 25 64 17
34 23 68 18
20 62 8 8
22 27 23 25
15 32 41 55
22 24 7 64
52 23 41 33
67 27 9 40
27 44 23 12
18 42 32 8
26 53 53 57
45 18 45 33
31 9 39 50
6 53 69 66
42 56 15 68
9 61 54 27
39 15 2 38
47 27 33 2
51 63 46 6
44 25 14 30
6 1 4 52
28 64 25 51
6 68 16 33
20 68 60 55
39 37 16 41
4 21 36 24
28 19 8 47
19 4 43 2
13 4 59 67
5 44 30 66
11 8 31 67
42 16 42 22
29 51 52 50
23 49 23 62
65 57 48 10
47 47 58 50
65 45 64 26
5 43 55 15
50 42 9 58
9 53 28 34
57 66 32 49
34 67 24 42
29 42 62 62
54 43 2 11
2 41 28 46
35 33 33 19
8 56 16 37
62 6 14 64
5 69 57 12
8 67 41 26
47 18 6 28
16 49 44 52
8 29 59 21
61 58 31 30
3 5 4 30
44 1 21 43
13 16 61 20
15 64 42 12
57 49 49 49
33 56 55 47
52 59 55 62
37 52 14 29
48 8 5 68
30 62 22 34
32 47 23 48
26 26 58 29
68 7 50 19
18 45 62 3
23 40 32 49
24 26 53 17
8 38 65 9
58 8 25 10
1 30 64 55
1 39 12 41
19 66 25 65
16 65 30 19
33 17 55 40
48 59 55 39
57 48 60 64
4 54 41 68
57 18 10 7
3 59 45 6
5 45 67 14
56 47 10 57
39 49 51 64
49 36 2 5
48 46 16 31
38 51 64 37
61 34 69 3
47 42 42 22
36 11 23 52
30 58 24 6
37 38 51 10
50 17 65 18
3 49 19 65
54 51 69 61
43 12 20 59
37 12 63 11
16 59 2 16
61 7 40 43
67 59 33 11
67 13 47 31
3 49 24 15
19 66 29 40
40 26 61 59
66 14 37 29
23 59 12 18
65 4 25 33
28 11 65 17
39 42 16 68
24 6 6 18
58 49 15 45
27 64 28 55
45 11 22 59
48 26 25 48
24 34 31 67
58 52 44 8
50 9 58 53
63 52 5 13
10 29 44 64
63 15 10 49
30 8 3 12
29 28 60 14
62 2 4 39
42 11 8 20
15 3 43 65
11 39 45 25
32 59 3 38
49 24 9 51
32 55 50 32
41 52 7 63
60 63 36 4
27 62 53 43
6 5 41 63
26 55 67 53
52 38 16 57
48 35 40 30
31 59 7 53
22 10 20 41
48 14 12 69
41 34 55 15
44 12 52 40
16 67 24 48
61 43 56 14
6 44 33 10
20 28 38 67
61 46 32 55
56 1 28 25
56 52 31 26
42 57 35 59
54 66 53 42
12 43 4 48
42 16 37 55
66 57 67 64
22 36 41 28
59 14 4 36
49 13 45 6
47 23 28 24
35 18 59 20
13 63 55 21
60 40 19 54
35 55 15 53
10 65 9 33
6 13 69 24
