3 71 51 40
13 41 77 32
53 48 62 23
59 78 51 70
8 1 33 17
40 42 45 46
27 27 49 14
78 1 2 56
1 35 4 63
77 54 73 24
4 59 56 37
17 23 46 16
7 54 44 30
43 32 44 19
48 64 55 6
14 60 73 6
61 15 10 20
69 55 48 63
52 42 23 78
4 14 44 18
27 24 1 33
9 54 75 43
69 63 22 55
47 7 65 41
21 61 23 50
69 35 48 62
77 17 46 32
42 7 43 52
39 28 77 24
57 41 13 41
79 3 2 19
72 9 68 67
23 71 70 55
79 39 56 29
24 5 2 8
65 7 62 60
5 38 74 4
13 28 52 9
67 59 79 52
8 42 77 5
62 20 13 5
22 78 5 4
27 10 63 71
20 45 16 32
26 5 18 13
16 28 68 1
37 6 54 69
36 71 3 76
34 69 45 23
69 64 47 19
8 25 35 75
66 13 16 28
43 8 2 29
25 16 10 62
48 62 8 25
52 22 17 14
30 45 19 20
51 1 55 77
1 58 50 74
1 7 49 68
26 34 32 42
68 17 6 16
36 16 27 58
17 7 44 20
34 57 64 50
60 34 7 73
25 19 22 30
61 39 75 32
34 76 61 70
32 43 10 71
55 33 17 11
9 16 70 11
19 20 29 66
63 53 5 50
51 19 64 30
65 21 66 63
45 36 37 41
20 58 21 15
52 57 17 13
55 20 69 64
73 73 57 3
64 16 68 1
74 65 65 36
16 79 64 35
55 23 55 3
29 43 10 19
71 21 55 38
68 24 31 21
66 63 77 41
71 64 25 3
41 78 67 53
1 11 21 73
32 52 48 43
33 74 23 31
70 5 30 53
35 50 11 49
56 2 18 20
72 17 66 65
42 22 35 7
36 46 53 63
45 73 58 66
10 31 61 61
4 11 79 15
66 69 40 48
68 65 48 58
28 2 43 60
39 45 40 30
10 23 8 49
28 18 50 69
70 34 68 16
79 79 22 52
74 26 52 17
64 60 41 6
53 70 53 7
17 12 70 58
41 25 71 23
27 33 58 39
43 33 13 20
1 22 10 27
24 47 70 49
7 19 17 24
53 69 20 45
71 2 12 78
65 2 57 44
2 12 37 27
43 45 72 51
63 59 7 79
41 34 20 28
22 20 36 1
20 15 5 42
40 39 59 2
74 43 58 67
33 20 58 10
20 23 34 69
39 35 1 65
69 62 33 60
25 31 49 8
31 3 58 7
32 77 17 35
61 41 8 27
2 33 36 1
42 49 1 3
72 13 7 60
20 18 57 51
8 10 72 76
25 63 18 49
19 3 68 33
60 6 57 16
5 77 39 31
48 10 76 76
4 9 73 1
26 38 47 17
21 19 72 56
2 35 38 40
1 61 42 68
49 1 16 16
66 12 64 63
12 69 65 48
61 70 10 65
71 25 13 18
16 53 23 68
73 15 23 12
41 24 56 66
32 26 8 38
36 26 65 11
48 57 76 49
73 49 69 38
46 48 2 38
36 37 69 6
71 35 45 14
70 53 65 14
62 72 32 50
60 60 3 12
63 67 32 18
35 38 78 45
58 60 37 34
17 4 67 24
35 70 53 74
43 66 65 31
45 39 19 75
39 33 78 6
59 47 61 27
78 24 3 44
45 14 58 9
13 55 26 10
11 76 8 22
21 79 3 64
37 75 71 4
61 9 24 54
65 33 56 76
45 48 66 39
44 21 55 30
39 29 7 22
33 41 38 37
47 20 15 76
13 53 79 47
58 71 13 32
79 20 24 58
50 55 11 6
10 31 50 21
23 48 48 41
38 53 48 40
33 22 63 22
42 31 5 34
40 53 69 67
39 78 75 66
21 14 46 71
40 27 35 57
78 70 21 56
42 3 78 43
71 40 52 72
17 5 14 64
25 7 64 39
50 23 32 9
54 50 69 77
73 66 70 38
22 7 73 15
21 9 33 54
40 31 62 73
29 12 76 1
5 53 39 50
69 50 3 33
1 42 22 42
79 34 24 21
9 16 53 20
40 71 76 74
41 78 28 55
57 7 68 5
67 14 6 44
15 45 29 18
22 36 24 77
31 48 28 18
2 33 64 7
23 69 7 37
40 60 12 41
66 77 48 70
1 20 66 8
54 21 72 39
49 42 48 19
54 7 19 47
55 25 10 63
76 10 10 6
24 53 6 43
50 45 73 42
23 25 17 20
29 26 16 65
65 10 21 18
45 38 77 49
61 32 36 62
58 60 67 76
8 37 76 72
13 42 42 58
19 51 66 15
23 62 4 59
5 62 15 51
20 9 2 59
70 69 29 22
29 45 40 54
62 24 54 10
54 68 27 60
73 64 78 32
71 32 11 31
69 33 63 78
5 8 14 4
2 45 17 15
7 73 73 31
48 37 40 58
69 52 3 31
68 23 14 20
46 18 63 28
33 60 3 63
34 58 47 72
3 23 32 16
71 77 73 31
3 42 45 15
30 4 52 25
15 25 6 47
41 28 1 62
79 4 41 19
75 5 21 71
37 20 72 9
78 2 1 61
69 52 65 1
50 37 56 47
11 3 50 62
65 76 63 59
62 77 77 63
66 59 41 1
49 71 1 30
35 17 24 38
51 8 79 16
65 5 26 39
52 71 37 68
64 48 51 67
62 68 1 29
48 11 71 6
68 65 26 79
17 32 52 41
15 9 1 67
18 39 63 45
31 20 41 3
51 62 32 10
12 10 1 38
73 53 26 34
12 8 5 45
29 30 11 37
45 75 40 4
54 68 17 71
69 21 71 29
11 51 21 10
50 75 26 67
60 33 32 64
72 61 43 46
41 18 52 14
14 16 55 4
34 71 46 56
71 2 6 57
70 9 7 21
28 18 61 7
65 74 1 48
3 45 76 7
43 78 72 63
7 32 31 52
5 43 73 10
24 73 18 79
44 10 73 38
60 64 22 66
19 33 17 17
19 75 32 37
46 49 40 79
56 62 31 66
70 45 66 19
63 23 70 48
41 13 65 4
74 67 70 71
28 77 28 59
45 27 6 43
16 8 35 38
51 29 2 53
32 46 17 35
18 22 66 8
55 5 70 60
3 44 71 69
78 23 27 77
21 52 68 70
71 69 58 53
65 23 76 35
8 24 16 71
77 79 20 17
48 3 43 17
6 12 31 69
63 35 28 35
61 2 5 33
65 39 27 60
66 30 25 7
35 73 36 34
51 68 6 3
57 77 5 37
73 2 67 42
74 78 51 78
7 65 35 21
55 45 29 72
48 75 76 63
19 76 47 41
1 20 52 37
8 76 36 74
40 13 13 27
74 26 53 27
23 72 32 63
7 67 32 60
18 70 8 73
5 11 76 50
15 32 51 74
13 4 30 32
29 72 65 6
70 27 31 6
32 13 48 77
65 58 24 13
10 73 7 13
8 51 48 60
7 39 9 27
66 28 43 41
29 68 26 52
67 13 77 63
30 14 53 75
58 66 1 12
28 23 42 71
15 48 37 17
3 6 77 23
69 23 16 25
57 1 74 7
37 26 44 43
37 27 16 69
51 78 60 19
24 35 46 67
3 64 74 55
65 51 48 42
34 7 74 7
15 25 47 65
72 9 32 41
57 1 3 2
42 27 41 65
42 16 41 1
62 53 39 49
62 47 56 52
73 51 59 44
51 22 12 14
78 10 20 74
70 8 64 6
2 60 50 78
69 79 47 61
62 37 61 45
23 21 39 7
11 42 23 14
59 74 62 14
48 14 73 21
30 62 51 57
8 44 57 37
67 41 8 24
51 62 59 18
31 31 2 20
41 20 38 61
79 4 55 44
30 26 13 49
51 38 16 41
8 27 72 72
18 37 53 17
36 22 18 26
64 55 70 7
63 64 18 33
76 42 8 3
41 26 60 36
55 14 77 73
70 16 15 27
79 52 70 35
30 51 45 2
4 61 6 55
68 39 42 41
61 13 32 64
6 8 73 38
73 69 58 53
27 11 9 70
29 23 6 32
30 63 55 30
73 19 8 24
59 70 59 16
67 40 51 29
16 54 65 67
14 30 27 26
4 52 56 65
20 48 34 30
23 32 24 18
12 5 33 44
9 15 8 73
76 11 17 36
75 22 42 44
4 22 58 13
25 61 52 60
63 48 20 16
5 44 25 15
25 22 2 66
55 59 45 26
31 3 61 32
5 50 5 14
36 18 16 14
27 7 56 12
25 15 50 5
23 61 55 77
8 62 30 8
22 62 67 30
39 25 40 49
17 48 61 57
33 32 72 38
55 21 25 3
31 35 15 59
3 18 26 75
51 40 43 60
52 43 51 53
35 13 40 28
25 4 73 68
10 27 50 67
4 50 49 2
20 14 16 1
63 16 27 75
24 62 41 73
7 38 24 10
13 2 42 57
22 67 46 25
25 66 62 46
9 13 44 42
31 64 69 13
65 66 40 21
42 78 74 66
65 64 38 64
52 3 73 1
66 29 56 46
56 24 56 42
70 45 25 21
33 32 78 3
49 4 4 4
5 33 74 46
76 28 23 1
36 59 66 11
58 74 40 64
74 15 8 43
7 59 78 1
16 75 52 9
61 67 46 62
32 30 23 7
42 41 44 55
30 79 49 36
9 63 3 79
40 64 71 71
71 34 39 42
23 78 36 70
73 56 24 7
34 53 62 22
67 48 27 4
42 18 50 63
15 11 6 36
16 23 14 21
72 10 61 70
32 31 54 43
5 30 47 65
34 6 71 43
7 25 60 28
44 62 5 54
11 38 16 32
45 67 39 57
30 16 10 70
36 36 2 68
7 62 47 28
14 29 50 38
12 48 4 9
9 55 18 70
19 19 16 76
58 24 28 8
47 33 1 65
45 16 22 26
42 24 27 8
34 27 54 64
59 50 62 35
51 49 77 18
24 48 48 26
41 63 1 45
59 36 64 40
39 73 42 43
49 17 70 28
50 22 67 50
55 11 41 50
29 78 33 41
25 51 49 11
55 69 33 39
58 74 12 34
18 4 30 69
45 35 64 25
62 39 47 64
46 70 41 2
41 37 67 71
26 49 13 19
44 50 45 37
39 41 17 27
68 16 48 28
6 40 78 33
54 23 2 60
44 40 63 12
66 54 74 27
49 47 21 43
59 27 76 54
32 25 34 72
58 36 72 66
9 58 40 68
24 3 78 28
32 44 36 9
28 8 18 30
9 25 53 17
23 6 28 41
4 47 35 59
62 79 7 26
76 63 76 32
45 46 33 12
77 58 16 9
26 24 62 17
2 21 55 12
74 66 65 25
11 52 17 53
16 68 18 58
37 27 72 35
14 68 5 68
52 37 10 33
44 25 14 71
59 4 23 44
53 57 76 44
58 78 40 13
20 4 34 53
49 5 46 23
70 61 23 2
24 53 62 31
66 34 54 71
79 77 37 79
46 38 36 8
59 56 37 7
33 67 39 51
20 67 71 60
68 26 23 79
24 64 36 75
55 4 56 68
23 70 68 36
70 19 65 68
49 15 52 58
63 26 8 36
13 23 53 72
35 3 30 12
72 13 58 4
34 72 40 51
39 23 46 67
18 41 32 41
24 79 10 3
56 20 6 64
24 32 8 11
78 40 59 26
64 30 19 54
26 43 10 44
62 56 30 53
22 39 52 59
37 6 69 2
42 7 79 21
30 46 41 40
13 26 19 43
2 20 60 71
15 75 49 72
65 19 71 69
40 37 51 32
77 4 40 50
68 28 79 27
45 68 27 18
21 20 47 76
76 58 38 19
79 42 38 62
7 36 30 12
21 55 64 20
47 3 14 49
72 13 68 71
48 27 26 39
1 39 57 7
58 21 43 21
5 25 27 1
49 34 37 19
6 25 79 53
77 35 57 68
6 3 25 66
1 76 3 46
32 33 35 18
63 23 66 40
7 28 75 39
67 15 27 57
17 49 55 64
67 15 8 64
64 79 52 75
53 35 47 4
72 33 24 16
63 2 4 42
65 37 26 56
59 16 2 67
39 48 45 72
38 4 6 18
62 69 41 6
44 40 49 32
77 79 61 24
45 42 79 25
57 11 21 38
24 25 6 60
29 53 17 69
34 34 7 17
20 70 79 40
63 28 40 63
49 18 45 41
48 77 6 70
76 58 78 77
10 63 28 73
13 53 11 8
39 13 38 33
51 31 74 50
73 34 71 11
31 23 27 74
45 12 10 9
56 75 9 1
27 57 13 61
57 9 8 45
70 56 70 41
36 6 43 65
37 26 30 33
49 33 44 40
10 27 39 73
45 37 68 44
59 42 52 55
14 58 44 16
61 49 69 76
30 11 13 46
49 5 40 14
59 79 46 79
6 18 20 46
32 75 40 39
19 72 29 10
79 15 34 31
74 8 73 1
52 77 33 74
31 41 1 31
8 78 14 13
54 24 64 26
20 14 5 53
37 71 6 6
25 8 12 70
60 2 45 71
58 70 37 8
62 16 23 37
60 38 2 19
20 26 52 23
52 42 20 10
56 16 77 54
38 22 71 65
35 79 63 28
5 20 48 28
29 14 12 45
62 52 53 51
79 11 36 42
6 55 54 51
3 63 76 22
69 22 12 10
35 68 59 30
27 60 11 14
6 26 58 14
51 66 52 71
7 56 24 34
56 42 25 43
57 66 22 35
75 6 29 79
20 21 48 13
58 4 30 53
16 63 67 69
70 74 74 71
3 31 22 26
33 28 13 50
70 51 28 40
46 13 7 70
23 52 63 31
52 34 79 16
54 57 26 31
6 5 34 27
19 37 19 29
4 25 18 41
34 13 75 16
47 58 11 31
14 30 30 54
39 6 52 23
50 19 71 75
78 30 78 31
70 78 69 46
71 10 57 13
10 41 33 46
44 16 14 61
12 10 58 30
67 19 57 57
9 51 2 59
2 21 41 59
77 55 77 27
33 77 40 45
7 65 34 18
71 78 35 32
66 47 38 38
65 67 35 1
15 73 19 64
75 53 28 56
56 34 2 69
23 60 62 70
31 28 59 50
13 40 61 55
13 29 50 73
56 27 19 79
13 37 46 3
58 60 70 60
6 48 75 14
48 38 5 50
76 66 30 72
46 31 66 9
48 9 3 4
64 58 20 58
12 79 27 39
66 63 37 17
52 77 13 10
33 78 27 16
62 6 70 57
72 4 56 42
51 76 1 28
46 73 17 55
65 68 3 75
45 20 43 13
60 58 70 66
35 67 47 55
18 63 3 32
37 30 46 65
39 17 24 38
79 18 39 8
34 34 51 58
64 17 6 57
57 58 52 22
6 48 32 71
60 59 52 38
33 63 62 57
3 15 18 35
16 22 32 46
11 73 7 55
74 78 8 37
43 5 15 11
52 19 78 43
66 4 53 22
32 39 5 65
5 35 8 11
27 1 67 9
38 20 75 48
1 1 54 13
55 67 26 76
72 59 28 66
3 60 46 68
21 72 7 1
60 12 72 5
55 3 4 10
14 28 37 50
17 74 2 53
17 17 33 35
62 16 60 21
40 63 74 17
15 40 16 78
28 59 18 24
5 14 57 70
15 49 61 14
42 3 70 17
3 53 63 10
28 70 32 46
42 75 25 53
73 64 36 6
12 71 29 64
32 22 25 14
72 49 30 74
52 69 13 63
51 45 49 18
10 60 33 5
43 24 26 48
35 47 67 32
58 48 66 66
50 26 51 14
63 5 68 14
19 8 67 76
64 72 71 57
40 10 78 6
17 62 3 25
52 34 69 11
31 52 75 55
66 56 54 49
7 5 72 24
21 50 8 53
62 32 62 62
45 48 71 63
66 3 43 21
42 36 17 10
70 20 66 63
46 63 51 12
65 45 41 51
59 4 53 46
45 59 9 26
4 24 12 23
3 39 66 34
32 26 68 53
28 74 41 63
45 61 27 3
15 9 35 42
56 16 44 37
43 10 17 71
46 20 76 56
52 62 73 4
40 42 20 57
49 61 29 13
39 57 56 78
75 62 79 46
23 4 65 76
22 4 73 65
14 9 76 70
69 20 12 40
60 66 72 4
45 55 62 69
12 71 51 28
24 33 79 20
21 69 64 36
53 29 75 39
3 11 48 3
52 68 68 42
72 8 6 79
70 22 9 35
67 24 9 41
71 10 79 50
51 47 39 30
17 41 23 4
37 26 73 67
30 24 13 47
62 18 67 14
5 40 62 8
78 43 35 41
5 78 59 41
53 34 9 47
52 11 14 18
15 70 35 55
57 22 13 50
65 37 28 51
45 6 62 27
76 68 71 75
32 1 77 54
79 62 5 12
66 62 79 37
64 72 30 14
70 12 15 74
76 70 23 14
27 55 19 50
21 36 43 9
41 31 24 39
7 26 5 17
57 1 52 20
43 27 11 72
72 64 40 26
51 11 57 69
39 64 36 33
70 4 20 33
6 74 46 47
74 33 39 23
62 51 7 62
22 14 75 41
31 56 8 49
10 35 1 1
20 39 77 27
70 59 8 3
4 68 19 9
76 59 5 53
47 23 6 62
59 67 66 72
27 21 65 19
5 71 15 7
20 50 4 59
24 1 71 61
24 53 9 64
19 14 55 13
53 14 21 51
7 77 67 64
29 33 58 18
24 73 29 15
71 21 25 33
24 8 3 15
23 38 30 59
73 70 52 1
43 10 38 63
44 22 38 43
6 43 55 28
76 5 45 42
13 26 53 45
37 41 43 8
14 33 67 79
71 59 77 11
7 70 22 23
39 64 31 79
57 36 22 43
55 75 56 29
41 42 40 5
40 72 33 7
2 28 26 64
60 78 1 46
14 53 55 54
52 25 26 76
7 67 63 48
25 46 67 76
13 41 5 73
4 8 18 40
32 73 39 61
75 2 34 20
35 71 29 13
50 2 28 48
55 68 57 10
42 66 59 3
37 21 11 8
68 34 70 42
8 57 60 38
19 48 21 62
34 23 58 71
51 40 22 22
11 68 20 49
5 16 47 22
56 60 77 30
9 22 61 52
14 58 46 22
30 17 29 68
70 7 52 51
41 74 30 37
61 54 16 2
76 64 2 15
2 74 39 55
5 74 3 20
23 11 71 25
6 54 76 49
33 52 13 49
72 38 25 14
49 66 7 25
7 50 31 15
52 61 49 47
75 51 14 42
10 19 71 70
8 4 52 25
20 18 41 49
69 1 30 27
43 14 37 35
2 6 22 74
30 60 2 77
3 71 69 48
22 52 73 73
63 59 35 31
30 75 43 30
42 5 71 51
47 61 46 43
4 54 19 71
19 41 1 4
4 5 3 79
16 70 65 66
60 71 17 46
71 14 6 16
8 1 76 43
56 73 17 27
40 8 66 15
40 60 55 51
63 9 13 14
40 73 26 46
56 3 22 33
44 79 66 62
13 39 29 44
45 48 60 64
27 34 72 55
72 33 34 51
78 63 72 42
43 27 66 72
58 74 27 72
52 1 37 30
10 11 64 55
67 1 47 11
69 52 6 27
5 2 35 58
33 68 70 38
9 31 29 77
56 57 49 45
9 32 64 8
79 40 29 29
39 29 55 68
75 33 36 56
20 36 64 33
24 55 60 67
39 48 65 6
77 24 16 41
60 15 32 49
29 19 11 23
37 11 40 27
12 1 60 69
24 61 43 15
71 7 46 45
61 34 35 60
21 77 55 3
2 60 32 76
50 43 19 63
48 22 79 31
33 56 39 36
72 32 10 10
33 25 28 43
29 18 44 10
74 21 11 17
55 55 38 49
45 69 1 29
64 69 8 19
66 11 39 1
79 45 3 42
7 41 67 61
57 41 42 24
26 13 9 73
3 60 17 77
78 69 34 32
31 76 16 54
56 12 56 44
40 72 65 77
45 11 54 61
37 34 4 29
39 30 12 4
11 18 47 68
63 45 67 16
62 54 9 41
67 61 12 35
26 35 10 42
45 68 51 19
44 32 44 22
13 4 27 73
39 30 65 34
16 62 72 25
34 45 8 19
11 37 17 32
41 54 18 20
55 49 24 72
73 18 1 21
67 47 22 2
67 25 29 25
20 71 60 75
71 15 25 74
28 52 14 73
61 7 47 70
47 74 62 56
15 16 66 26
27 69 8 76
23 79 20 74
43 56 42 68
27 76 23 37
18 35 76 62
13 53 72 74
26 37 67 13
53 51 16 6
30 39 79 54
47 40 45 11
19 55 78 22
10 23 72 75
59 51 11 73
5 77 15 65
77 66 21 5
57 49 36 59
47 43 59 70
63 48 27 4
25 31 40 17
57 68 35 28
56 4 14 42
31 14 14 33
42 56 27 24
19 69 69 43
51 30 51 64
4 40 38 19
5 12 22 2
68 24 74 36
41 71 78 27
4 41 5 62
79 7 60 6
34 7 53 12
58 65 53 7
56 72 13 78
63 4 61 7
76 77 63 4
25 51 55 19
54 1 29 10
62 70 51 18
63 28 15 43
17 37 65 4
54 26 26 79
72 5 29 71
60 10 52 26
14 78 47 7
47 22 11 7
25 62 73 77
43 71 30 5
45 33 61 12
1 43 37 17
7 41 30 25
18 16 40 48
62 7 37 65
3 57 27 15
71 18 68 57
76 2 45 55
47 3 61 51
55 38 55 74
62 67 20 7
56 34 79 14
11 9 5 62
44 1 44 47
67 62 72 17
22 31 33 50
64 15 61 45
66 13 2 14
3 34 76 48
27 58 8 46
55 74 70 22
66 52 68 7
70 58 59 79
56 33 13 6
11 44 65 76
72 6 72 23
31 68 60 75
55 60 74 75
51 16 14 35
47 76 3 25
58 66 53 1
53 6 6 23
73 23 55 25
32 51 4 68
15 27 6 10
54 21 68 57
35 43 16 22
62 14 78 24
76 33 8 38
28 65 17 69
77 71 62 21
52 3 35 60
5 33 63 49
57 57 70 46
53 8 62 4
11 73 28 10
13 57 36 7
39 66 33 29
10 26 19 46
73 18 51 44
51 70 50 13
10 10 18 48
4 23 79 64
62 64 39 78
26 34 14 27
30 37 39 79
68 34 27 26
57 18 28 9
49 2 69 58
58 12 13 56
64 59 20 23
22 31 50 31
30 38 10 21
13 1 58 62
19 40 13 29
37 54 14 36
76 78 24 67
69 34 15 24
14 53 39 72
66 28 22 51
13 15 8 19
30 52 53 61
10 19 37 4
18 47 53 69
29 42 36 3
38 17 26 20
19 20 63 13
55 64 70 48
38 39 52 15
54 52 77 53
47 62 61 14
73 35 53 23
8 75 76 55
37 17 60 1
76 39 3 17
76 8 61 56
40 45 20 74
74 73 60 46
48 17 66 16
44 29 62 72
72 20 29 3
35 52 51 9
43 12 76 54
40 49 25 9
32 50 37 72
38 48 4 7
75 5 17 53
69 62 19 2
25 50 79 31
46 52 22 61
74 2 36 58
12 78 26 22
14 2 56 77
47 16 40 42
36 21 17 78
16 11 69 15
7 12 18 55
62 68 33 68
54 38 79 36
18 39 60 53
63 40 69 48
30 53 30 48
32 22 77 24
40 76 38 41
2 51 67 26
3 15 71 4
75 12 38 32
15 55 49 59
49 64 48 24
54 77 62 8
14 36 70 62
60 11 25 29
72 77 66 5
13 5 39 23
69 78 18 34
52 33 10 16
74 41 37 15
36 62 14 1
21 51 19 79
42 32 71 12
63 34 22 29
49 50 78 35
5 40 15 63
48 67 9 36
71 5 47 76
20 34 3 63
33 10 5 57
62 20 6 36
35 34 45 72
58 38 45 16
39 22 42 39
64 75 58 30
49 7 41 79
78 13 72 75
3 57 25 63
5 65 23 37
12 38 69 31
4 32 37 25
36 53 27 62
46 13 29 25
43 79 16 60
1 48 48 63
74 11 19 32
55 23 10 40
54 28 65 37
79 41 55 76
79 72 54 10
60 22 62 25
7 61 33 35
27 38 57 45
17 50 2 40
43 30 11 73
44 40 34 6
65 51 23 36
27 23 66 13
67 49 44 45
39 4 22 68
17 46 21 52
39 72 53 42
55 8 67 17
41 64 28 76
56 68 46 15
65 53 64 8
47 34 57 16
74 34 5 49
67 79 62 16
23 16 11 30
52 67 5 32
24 40 25 35
16 30 66 60
68 21 8 24
48 45 60 23
74 4 26 38
41 46 39 71
61 54 59 44
51 54 34 49
48 26 62 30
65 50 7 35
24 49 59 8
28 32 53 1
77 31 18 4
61 55 62 1
48 7 60 58
17 65 16 79
30 1 75 43
3 52 21 66
78 70 41 69
31 76 37 15
26 28 3 46
78 14 76 57
19 48 28 27
4 35 23 60
22 77 73 5
27 49 45 65
43 23 39 31
66 28 64 5
17 47 4 21
12 41 19 50
22 78 55 51
7 60 46 48
35 17 12 15
58 60 1 56
36 77 62 32
4 34 74 15
14 2 45 36
72 32 73 49
11 75 29 66
68 20 37 25
36 45 14 29
22 29 26 53
28 69 45 37
49 56 65 60
55 59 27 39
62 34 75 66
6 60 76 46
6 18 48 47
51 8 43 38
10 22 7 35
50 6 29 1
45 41 47 6
3 77 2 34
59 78 47 5
22 15 79 55
37 51 2 18
43 65 2 29
43 27 79 16
13 24 39 57
68 30 19 20
34 38 7 25
2 50 34 16
30 45 7 7
68 5 31 35
50 50 2 46
32 28 46 65
36 49 70 3
4 59 38 17
30 9 67 39
3 33 47 11
4 17 19 78
43 79 40 36
28 39 27 35
64 9 76 15
71 38 7 6
23 67 74 78
26 44 62 25
63 56 20 60
2 5 45 32
68 35 15 34
28 71 7 23
78 61 1 79
27 79 41 53
43 69 46 11
39 41 14 79
24 10 27 19
20 40 15 63
1 51 20 42
78 43 69 79
38 38 57 45
71 33 77 55
5 30 33 40
4 73 69 59
35 60 42 50
23 45 24 9
14 11 64 23
4 22 24 59
39 12 60 10
3 67 33 53
4 76 27 19
33 47 29 19
74 53 36 52
4 18 46 72
69 5 69 20
62 22 47 5
45 51 28 12
66 27 76 46
55 13 29 79
76 76 12 13
51 47 18 57
56 11 71 68
39 49 3 64
9 44 52 6
43 6 34 6
47 6 10 76
26 48 78 35
63 17 21 15
9 72 12 23
69 33 8 37
15 78 51 28
14 43 11 2
49 31 71 19
49 73 30 18
75 35 72 79
79 46 12 8
25 68 53 28
3 65 16 77
76 17 79 46
1 11 1 3
63 21 25 2
21 10 73 24
68 1 74 64
69 71 55 11
57 5 52 24
21 10 63 49
76 50 72 12
48 66 15 13
44 13 58 24
21 30 49 28
59 57 11 3
51 34 46 57
43 16 68 73
11 60 50 6
10 22 45 44
13 14 40 52
57 58 62 11
26 4 25 77
60 19 21 20
24 74 67 23
21 78 50 58
70 50 42 14
79 62 38 16
40 38 72 36
52 27 4 51
69 53 31 36
6 69 34 23
58 79 57 37
35 33 75 43
71 27 45 65
65 27 66 63
71 58 72 77
50 76 52 19
11 56 32 32
48 22 3 11
8 46 54 38
57 18 46 17
27 41 29 21
70 1 2 75
5 65 25 9
37 21 13 1
36 48 19 44
73 25 73 20
35 65 64 60
8 50 48 60
11 33 65 40
8 21 35 4
26 73 9 44
38 79 51 36
69 75 21 67
38 21 63 78
45 13 27 67
40 21 15 46
10 68 74 2
68 61 41 30
20 22 57 22
48 40 3 25
71 4 73 63
10 14 69 29
13 47 38 44
39 34 36 8
39 28 79 57
9 32 3 37
21 6 34 23
66 53 60 69
47 54 32 1
59 48 69 8
13 23 41 31
28 46 65 42
39 33 73 14
56 47 50 55
56 51 8 56
64 75 46 19
67 6 61 9
25 35 7 57
31 29 11 10
28 3 34 69
28 22 73 2
79 61 50 16
7 71 9 76
62 58 55 14
1 11 10 58
2 11 69 18
34 78 75 60
19 73 70 24
34 57 31 60
54 19 7 76
46 7 43 31
57 76 8 72
49 4 14 72
64 8 23 52
55 52 30 50
6 35 18 53
58 17 2 47
68 12 6 11
58 51 53 74
62 77 18 29
39 74 76 50
5 25 3 18
70 66 56 64
19 27 17 26
39 23 19 60
32 67 14 59
40 36 50 18
69 47 58 45
6 71 72 55
44 25 48 36
43 53 32 61
54 47 57 12
16 16 60 70
46 26 30 38
40 19 28 63
50 37 53 26
73 23 5 60
56 24 55 57
75 11 56 22
39 35 42 69
58 60 46 60
63 7 4 65
37 25 65 53
42 54 63 14
47 14 47 58
78 46 70 78
20 29 34 40
51 42 25 48
64 40 3 21
64 13 17 35
4 36 37 3
26 49 19 43
49 11 48 23
55 16 47 60
66 9 4 38
6 37 64 55
51 3 15 48
75 27 14 60
60 14 72 31
54 2 20 13
72 21 7 59
73 69 13 29
72 55 4 53
71 41 30 55
74 57 44 57
64 64 18 70
20 6 69 54
3 31 35 59
19 28 18 9
55 12 30 33
34 77 37 73
75 43 54 57
79 37 68 4
3 65 61 51
64 48 32 73
66 43 4 77
7 41 70 39
42 63 3 47
18 57 57 49
48 21 54 1
19 77 23 36
33 67 41 1
8 79 26 74
71 37 45 45
55 65 30 44
8 40 76 45
23 13 55 79
61 58 70 55
65 79 65 33
20 59 12 54
12 34 73 28
4 35 48 64
28 32 41 38
16 60 7 21
39 63 5 72
15 3 61 67
46 4 69 45
71 34 79 76
50 39 72 72
3 28 78 14
2 51 63 77
79 1 74 32
33 36 71 48
73 22 47 63
19 22 14 22
52 41 14 70
26 68 49 74
57 27 10 20
5 56 78 49
35 9 21 13
38 52 31 75
15 63 27 57
67 45 75 58
68 37 66 43
67 21 35 14
32 46 49 76
27 23 67 37
4 75 78 16
23 11 6 63
27 53 73 29
35 73 21 5
14 64 53 59
58 51 44 60
44 36 7 72
44 49 12 68
65 27 27 73
24 53 1 50
13 32 57 13
77 9 54 66
17 59 64 65
46 50 69 40
55 66 26 14
58 58 76 40
35 20 24 74
54 13 37 39
33 73 20 40
42 43 10 59
31 66 60 65
48 18 15 33
40 59 49 8
9 75 10 67
64 12 22 60
31 74 54 4
47 60 17 23
58 32 4 48
79 9 61 64
32 58 56 38
22 11 28 47
11 52 4 48
55 56 76 71
48 25 77 7
76 47 53 59
37 2 65 40
44 30 27 38
71 74 53 52
45 6 70 37
65 21 56 49
60 55 48 2
26 35 1 6
64 73 43 37
60 38 26 25
29 51 2 8
47 48 30 14
7 78 52 14
22 42 71 74
55 10 27 35
19 26 40 10
3 5 28 57
78 44 73 30
33 3 38 40
11 8 26 3
65 28 41 54
42 2 60 14
60 55 72 72
65 17 69 6
69 27 18 79
26 63 38 34
33 60 59 44
77 31 55 63
39 40 30 56
45 68 44 4
38 35 43 44
61 8 36 75
74 47 4 65
35 73 69 70
14 29 64 58
33 17 3 45
16 57 1 6
54 60 51 19
47 49 13 10
44 43 61 43
39 72 1 62
29 35 43 18
13 30 29 76
67 40 18 26
24 48 17 37
79 20 62 38
20 72 62 43
28 62 8 28
3 44 28 66
62 43 34 59
30 79 71 61
18 9 52 32
43 53 10 23
24 18 48 67
44 63 15 42
10 2 25 59
77 19 22 71
26 19 5 38
32 12 77 50
70 58 56 20
42 13 67 71
5 51 34 32
16 20 65 56
1 79 75 21
58 43 19 47
33 56 79 37
63 65 59 48
34 9 32 37
28 17 25 76
65 45 15 79
38 49 79 61
75 64 44 31
1 56 32 29
5 75 35 10
50 41 61 11
5 36 34 8
36 12 28 16
52 33 65 28
36 64 25 78
41 77 17 29
26 43 30 54
11 53 9 4
29 11 6 22
6 13 22 8
66 6 8 25
4 36 51 29
41 54 23 77
11 58 34 26
59 55 18 57
61 32 34 71
75 74 34 72
44 58 55 15
32 62 44 8
76 45 18 62
77 57 23 48
27 53 13 60
76 8 49 3
3 69 66 51
8 66 68 41
34 1 35 61
54 62 40 73
6 19 26 72
12 74 59 29
36 36 14 8
43 55 33 57
70 52 38 78
78 78 40 73
51 43 14 21
55 56 42 30
33 68 16 63
37 2 40 58
38 78 46 51
38 35 26 49
28 3 9 12
76 40 49 35
59 29 54 51
8 70 35 20
10 11 8 42
3 65 43 78
14 50 56 55
75 38 73 76
77 12 13 57
60 45 70 25
45 69 26 12
48 12 70 50
42 77 3 63
21 71 68 12
37 69 10 76
30 54 66 7
36 29 17 75
62 50 72 15
22 3 60 27
50 4 11 31
39 29 61 59
73 39 54 21
3 5 3 13
50 22 23 45
53 70 44 14
52 2 9 8
43 70 66 30
15 5 23 68
71 56 10 6
22 56 66 70
16 41 62 2
54 73 64 35
58 53 11 41
13 57 53 42
11 9 66 40
5 23 41 55
39 23 36 28
47 71 36 60
6 67 56 23
18 70 14 65
43 42 54 68
21 27 70 62
46 9 75 69
17 20 63 12
78 4 34 46
68 23 68 71
70 39 17 18
69 39 55 54
34 43 3 6
34 39 54 48
16 7 72 40
31 3 50 33
23 47 2 5
57 76 62 59
49 45 10 17
22 70 53 69
5 51 70 32
24 20 32 3
31 45 78 49
8 48 23 27
11 34 64 36
58 77 57 56
72 72 16 52
61 78 10 36
52 42 46 21
36 79 72 42
4 3 13 7
54 31 3 29
68 36 36 12
62 62 54 71
11 31 4 11
9 58 61 22
34 61 23 11
44 33 63 27
28 74 49 23
61 15 69 53
35 61 39 63
69 69 1 7
63 43 6 61
39 41 23 58
18 18 31 65
50 64 78 6
63 62 32 3
76 15 19 48
68 51 25 12
1 57 51 77
11 23 75 73
64 77 58 65
42 51 9 65
59 48 40 50
30 55 32 72
50 33 22 33
49 61 36 17
38 73 37 52
4 6 5 2
21 67 27 35
46 41 34 13
60 12 43 23
9 1 39 62
14 18 5 6
44 60 7 38
20 47 3 33
11 12 33 64
4 28 39 79
67 23 14 20
37 62 58 2
64 24 6 43
30 17 22 45
75 74 65 47
62 8 36 49
11 13 57 47
34 42 69 11
55 52 35 11
74 5 54 15
2 38 55 11
5 27 5 19
59 24 51 8
70 67 43 5
40 75 48 2
1 2 7 66
26 20 19 75
6 28 64 28
27 27 3 69
79 16 7 39
16 64 22 51
2 46 24 28
26 49 28 74
22 5 19 52
77 38 26 48
38 46 26 32
69 12 10 71
5 54 77 59
50 70 48 14
58 53 41 59
31 70 47 37
28 52 4 32
25 54 34 63
44 20 49 74
75 54 58 76
50 62 63 45
39 10 39 51
27 68 59 7
49 47 34 42
1 5 78 62
15 41 43 11
66 65 54 65
15 26 12 39
18 58 4 10
57 30 61 58
77 13 35 2
50 46 62 29
2 46 65 45
38 44 51 54
42 11 79 13
58 48 5 65
36 27 55 68
18 74 40 3
55 77 28 45
52 56 75 39
48 34 24 68
29 14 42 50
36 20 44 22
53 66 62 56
10 46 42 32
61 5 40 26
3 42 21 61
52 16 30 69
20 2 13 49
54 59 77 17
4 40 12 16
70 3 59 8
52 34 62 61
78 60 10 11
56 44 68 57
51 17 68 20
58 35 28 40
53 72 9 1
60 59 70 14
78 14 8 18
59 79 79 60
54 61 15 52
41 14 72 66
31 50 57 66
31 14 42 72
69 23 7 25
47 72 3 48
47 46 63 60
21 68 10 53
35 64 28 58
52 7 52 21
18 12 38 14
53 1 60 19
28 26 73 70
78 61 4 11
61 53 51 33
32 52 66 15
30 7 44 22
7 74 45 58
15 48 55 27
69 31 41 42
5 35 52 71
71 4 65 1
69 65 71 55
8 72 18 47
20 5 64 62
25 79 13 34
32 41 73 20
16 60 74 12
49 30 60 12
11 46 23 55
37 50 66 71
53 16 46 14
58 35 13 17
28 11 17 25
54 72 15 34
5 29 19 76
13 71 58 42
75 77 16 60
47 27 63 33
55 35 41 71
79 36 5 4
71 69 15 45
35 31 35 60
43 16 43 42
45 43 2 56
68 24 12 75
22 41 27 18
18 41 28 27
40 26 61 50
67 67 72 28
60 38 37 58
18 19 61 59
72 72 14 7
61 17 71 46
21 79 56 54
11 8 54 69
4 4 12 61
76 41 34 64
62 11 71 67
17 71 71 44
6 73 13 5
27 13 69 13
3 6 43 42
65 62 21 5
12 32 57 42
68 78 22 21
30 48 46 14
30 62 39 7
62 39 6 32
38 77 1 19
2 77 61 15
4 33 10 33
41 14 69 26
21 18 64 60
75 39 10 26
75 49 27 72
56 34 79 2
21 48 61 40
11 40 71 18
13 55 68 16
69 55 32 24
32 38 71 58
46 5 60 44
18 43 43 47
74 40 10 72
3 17 36 15
41 1 31 16
36 1 25 58
7 45 22 67
60 69 70 8
35 63 28 14
52 40 53 40
50 74 15 28
54 35 54 51
37 48 30 48
64 46 34 55
31 57 49 38
4 32 55 31
26 21 65 18
6 3 20 68
2 71 4 29
22 71 25 18
62 43 53 16
53 60 22 73
79 46 1 73
32 5 23 24
51 10 50 26
20 16 42 4
41 37 49 33
72 2 27 32
17 76 67 40
8 49 40 19
72 53 78 31
71 16 27 33
33 36 50 65
54 66 36 12
15 60 78 32
60 6 25 12
17 65 65 46
20 68 71 55
75 22 62 19
13 24 9 18
60 30 15 17
48 1 68 62
35 22 63 66
37 33 63 38
71 6 37 2
1 70 19 75
5 42 30 58
36 61 54 23
32 65 34 62
21 62 79 7
73 46 73 22
53 6 17 33
31 10 46 21
69 9 33 78
73 48 58 17
65 15 26 65
52 46 70 40
36 9 19 7
62 9 23 10
73 41 66 1
15 41 9 7
11 49 63 79
57 22 24 26
44 52 13 28
38 53 22 12
24 12 6 18
1 28 7 38
58 53 11 63
4 70 47 30
21 77 63 50
15 48 65 54
76 41 12 60
67 69 48 58
22 51 26 13
14 19 8 32
72 18 26 26
68 8 65 14
43 26 60 25
77 1 24 54
20 16 14 41
33 45 37 9
40 58 53 64
29 58 28 30
12 14 8 5
76 64 66 71
4 61 8 2
12 38 23 45
66 35 40 10
28 62 51 74
18 68 23 53
28 58 5 79
72 48 58 40
50 2 8 74
55 75 45 13
3 9 30 60
57 53 39 72
37 42 72 58
54 5 75 27
3 16 53 73
36 55 26 44
66 9 78 26
58 67 76 61
22 66 79 37
22 53 33 78
47 29 11 28
2 29 12 31
8 42 24 9
18 4 33 10
15 2 34 68
27 78 70 70
9 33 32 40
14 38 56 41
17 14 46 46
54 45 54 24
1 17 32 21
36 16 54 76
19 51 72 25
45 55 74 26
79 60 73 31
49 46 29 13
27 23 37 3
68 15 21 70
11 52 47 41
72 33 7 67
77 44 49 76
35 57 1 40
26 28 40 49
62 23 47 69
46 64 67 28
24 55 48 61
17 29 66 34
9 57 7 69
40 78 77 29
35 10 75 54
48 4 36 28
45 33 60 64
46 8 50 42
26 77 50 14
2 25 62 13
46 16 19 9
11 74 18 30
6 26 27 30
50 6 38 11
43 14 42 53
49 54 76 48
11 5 72 6
26 44 39 76
39 40 73 37
47 55 40 34
66 36 53 1
14 23 72 6
12 30 25 7
37 21 57 42
24 10 34 28
6 9 16 67
35 53 38 62
38 38 75 5
26 1 54 70
56 54 17 9
17 62 72 36
41 6 34 27
44 53 44 39
62 9 46 46
49 11 34 17
6 33 16 50
53 49 74 25
39 9 66 49
48 67 35 66
13 33 20 42
67 79 23 20
21 14 3 70
7 4 2 64
24 55 6 34
16 17 58 6
69 27 7 21
19 41 41 21
34 40 31 55
45 77 58 67
46 79 32 68
33 61 7 36
78 3 40 68
22 26 12 7
69 20 40 5
21 40 54 16
64 38 49 37
11 78 64 11
13 23 63 59
38 53 2 70
26 31 64 3
43 58 36 25
77 32 26 53
47 50 1 23
35 65 8 48
59 11 21 19
22 71 60 66
47 15 8 9
57 67 3 37
19 21 53 76
15 59 21 7
41 41 9 26
33 64 38 34
29 60 69 24
60 10 53 57
64 7 2 5
51 69 61 15
73 72 38 73
27 50 40 29
60 37 18 41
35 34 18 35
8 9 77 48
67 35 27 58
44 2 56 28
79 57 79 73
27 16 22 31
52 8 77 60
50 52 57 77
57 29 13 19
49 28 11 63
36 25 75 48
35 24 28 38
43 9 27 52
46 60 45 69
48 26 69 2
45 43 53 34
2 31 28 52
3 64 13 38
45 27 11 43
28 73 54 14
55 17 43 34
37 14 41 22
68 34 32 5
59 39 67 17
12 69 8 12
66 30 28 79
74 51 34 24
63 69 42 77
39 66 7 23
21 10 71 33
56 37 63 51
13 57 68 45
35 48 28 38
17 23 75 43
79 40 68 59
39 52 50 11
65 63 18 50
39 51 9 50
44 50 48 49
58 38 46 4
58 75 16 42
50 8 68 29
6 17 67 40
18 6 52 57
79 58 12 53
15 66 48 60
58 68 13 12
68 33 63 25
35 79 61 43
40 70 55 31
63 20 27 74
74 23 41 78
31 75 34 19
17 50 34 21
49 40 31 28
8 19 12 8
75 24 20 36
24 56 73 79
65 48 17 28
1 6 69 76
42 50 56 63
76 72 8 55
68 29 62 8
8 53 23 36
17 47 20 44
65 30 33 7
56 35 72 38
76 29 76 25
23 27 54 55
18 69 62 30
78 74 54 9
71 45 26 19
53 69 29 31
54 29 13 29
12 78 24 9
14 5 53 43
34 48 22 57
32 49 41 23
17 75 61 23
24 30 37 68
24 59 77 73
10 10 18 71
32 51 68 12
6 2 59 18
23 77 11 66
68 1 75 22
39 6 72 25
53 58 71 21
6 76 28 70
3 35 79 73
76 27 1 61
34 34 32 57
64 11 21 18
44 60 7 39
65 75 1 37
65 33 4 12
40 21 78 37
18 20 53 71
36 19 64 68
74 16 9 77
65 30 78 43
3 58 39 2
66 34 37 54
23 40 76 41
45 34 10 14
77 46 76 63
73 44 61 59
7 72 50 53
37 23 17 35
41 53 46 68
42 9 41 75
63 62 72 28
61 46 53 1
60 62 12 52
13 54 8 16
19 59 23 48
79 56 64 30
22 72 19 4
34 6 7 64
73 32 33 50
48 64 12 67
30 78 18 32
36 49 77 43
75 61 43 21
61 71 27 44
29 43 54 12
66 69 65 21
9 63 27 43
8 72 11 7
8 66 32 69
41 44 20 17
48 45 61 54
36 76 1 22
37 61 47 68
30 64 21 66
71 64 27 4
56 40 62 43
23 35 70 11
49 60 27 30
18 72 27 50
46 50 69 33
6 36 34 1
68 34 36 69
24 15 43 41
36 28 50 47
15 54 63 4
8 60 26 77
44 69 67 69
21 7 19 15
70 3 4 53
25 21 49 14
50 12 33 64
23 73 57 45
67 46 36 2
78 50 29 68
34 4 56 70
14 20 36 17
35 46 45 49
21 70 21 61
31 27 79 35
56 13 72 31
42 4 66 10
77 55 27 22
28 16 72 49
67 12 62 58
4 11 39 2
27 9 29 5
43 1 23 11
49 50 33 42
11 74 21 28
46 32 56 48
24 71 10 58
10 55 49 12
74 27 3 28
6 40 72 10
71 30 72 40
38 61 54 4
4 12 38 15
47 32 54 22
72 54 74 65
71 41 75 66
50 21 57 43
75 14 53 24
73 26 3 8
52 41 35 5
10 16 63 30
60 79 47 78
56 22 30 13
15 21 7 6
52 43 23 35
55 60 15 1
51 26 44 46
6 4 2 32
79 71 50 3
56 56 41 12
60 13 63 37
22 77 42 33
29 52 58 38
70 52 6 68
70 44 41 22
4 74 75 35
47 25 15 71
12 16 17 53
40 25 68 7
22 63 21 10
16 46 59 49
56 44 38 78
58 26 59 69
34 32 59 24
71 3 38 73
23 30 16 61
69 25 64 23
69 73 12 2
76 50 17 37
6 15 72 46
19 62 64 34
76 72 2 18
1 50 44 1
42 63 14 28
43 46 5 78
24 61 49 36
48 43 16 62
69 27 13 62
33 58 15 47
74 76 64 17
31 28 75 13
33 23 51 27
50 70 78 36
48 38 54 42
1 65 73 7
44 7 54 60
33 71 50 9
1 16 10 75
34 9 36 55
60 64 66 33
37 16 74 47
10 41 6 61
18 29 18 52
76 25 79 79
3 21 73 47
32 56 62 71
15 59 6 65
13 46 62 3
56 58 43 14
20 56 56 58
68 24 7 48
28 37 41 71
29 62 56 33
15 45 38 59
35 34 21 38
50 42 61 43
55 11 24 42
33 27 33 10
53 5 43 33
57 43 43 52
69 18 57 3
77 53 12 2
77 35 33 27
44 65 74 56
78 9 23 30
28 55 68 2
45 60 63 43
30 29 41 23
37 34 15 39
59 64 39 2
4 12 47 12
68 64 12 31
22 14 22 76
48 53 58 36
54 61 40 31
58 8 44 78
9 48 38 5
78 1 66 72
21 13 38 17
36 11 17 41
34 57 79 31
16 61 19 7
63 49 36 35
