19 14 30 57
19 24 4 28
52 19 6 44
39 52 43 19
25 44 9 1
6 36 29 56
33 38 52 41
34 3 13 57
11 7 29 51
27 52 49 43
58 27 58 55
44 2 57 50
58 10 10 2
49 20 44 42
53 5 32 19
48 14 25 24
44 39 52 42
53 7 8 2
41 41 59 13
51 10 53 42
24 54 59 9
9 35 49 14
14 55 45 37
2 58 1 42
48 58 51 14
24 47 36 17
25 8 50 51
41 26 3 48
37 50 34 56
55 29 22 17
12 9 18 32
22 45 21 10
46 5 28 17
56 30 32 2
5 40 31 57
4 55 36 11
2 47 4 2
30 39 37 6
9 2 18 46
34 56 6 49
51 49 39 41
40 49 2 52
42 48 47 8
6 23 56 4
32 13 29 36
21 49 8 13
17 36 15 6
48 7 18 10
41 11 29 14
9 21 25 53
21 46 39 27
49 9 23 9
45 2 36 13
57 36 55 41
16 20 9 52
56 41 44 59
10 46 42 5
44 10 55 22
10 47 15 32
57 24 6 10
20 43 3 34
48 29 40 17
53 7 59 52
45 45 32 42
25 35 26 22
25 33 36 47
50 41 51 59
52 40 21 43
45 46 44 50
49 12 21 15
5 23 28 11
49 12 3 35
13 2 16 57
40 46 29 5
9 39 17 1
57 31 5 16
12 19 29 9
53 10 56 7
12 38 54 35
12 59 52 35
28 7 28 35
46 21 3 8
52 22 25 20
5 30 29 29
45 54 53 11
43 20 30 46
29 3 26 1
44 50 23 13
3 2 32 10
10 27 47 29
54 17 4 17
21 26 8 44
50 45 29 14
58 13 31 55
48 29 31 22
24 2 8 44
51 50 53 22
15 28 16 22
36 13 56 19
16 49 7 1
54 6 10 20
32 7 21 37
42 40 34 29
55 29 50 33
9 33 59 31
20 4 7 53
29 9 11 31
50 38 32 49
23 44 42 47
10 47 6 11
35 36 57 28
47 11 28 53
2 19 28 34
48 13 39 35
58 16 41 36
13 13 17 38
48 2 46 51
17 5 37 14
15 16 11 10
17 41 33 49
20 57 47 32
42 41 22 4
40 20 9 58
28 35 58 21
19 58 2 39
7 5 50 10
36 35 19 55
57 3 51 17
40 43 53 59
16 40 58 7
35 15 58 14
32 50 13 5
18 34 28 28
2 20 16 42
43 36 45 41
15 51 10 36
42 16 15 58
5 44 30 51
51 49 44 40
35 54 1 18
21 28 6 6
5 25 48 45
2 56 5 10
26 37 28 11
44 57 8 3
9 55 45 16
36 52 39 21
31 32 37 3
26 50 51 38
51 42 48 33
49 27 21 26
43 21 13 23
32 20 9 34
27 11 55 55
59 32 26 3
43 28 26 33
20 33 39 28
38 25 21 59
2 12 30 41
41 27 3 43
19 53 55 25
37 4 37 57
41 51 26 50
9 59 14 58
20 28 53 21
40 53 47 17
11 39 4 13
56 44 32 16
9 4 14 40
55 35 54 21
26 35 49 35
30 35 40 29
9 9 58 57
46 9 33 45
42 5 5 44
59 51 22 23
27 29 7 47
27 28 47 22
54 13 20 58
52 57 4 36
8 41 17 36
12 38 10 4
20 19 21 52
26 51 40 35
51 29 32 53
36 25 55 20
53 22 58 31
30 12 15 39
40 51 16 10
40 19 34 27
56 38 51 56
20 2 37 47
12 52 4 23
49 55 27 35
37 17 7 6
41 19 56 41
53 30 50 14
47 54 40 25
32 1 30 58
53 2 18 38
52 56 52 45
30 6 13 45
21 43 51 27
14 55 9 26
37 8 3 44
37 24 7 36
25 27 58 58
20 11 48 16
23 40 5 40
17 47 9 15
20 57 36 13
50 17 52 39
30 51 55 27
27 57 19 51
45 49 2 28
5 9 36 14
11 17 10 22
27 9 58 57
53 9 48 59
1 24 11 41
29 27 37 7
1 47 47 36
22 42 54 14
9 43 8 35
38 58 48 6
40 7 10 17
45 50 10 45
55 36 24 14
30 47 49 32
40 35 41 30
34 37 4 19
46 56 41 25
28 57 52 5
59 27 59 20
43 52 49 29
50 14 31 24
25 27 23 7
9 57 34 17
35 27 1 24
22 27 28 30
13 38 40 34
59 49 3 26
32 22 5 8
37 36 4 6
10 35 12 30
18 16 27 49
58 10 42 11
37 4 59 11
4 12 28 8
19 17 51 55
58 6 6 37
24 17 56 24
12 6 21 36
12 38 7 36
21 41 50 15
56 38 41 33
54 19 14 17
21 52 51 3
17 59 1 25
43 28 48 33
12 55 28 45
32 15 39 13
26 13 36 3
4 12 43 57
44 11 42 19
10 34 29 14
41 4 17 4
48 47 23 54
2 48 26 12
7 55 16 19
15 32 36 11
2 14 9 36
2 45 35 19
48 26 41 37
24 21 17 5
2 17 21 14
49 3 13 44
47 48 15 41
40 47 8 54
16 19 13 27
43 13 9 36
40 59 30 44
39 18 3 10
42 32 14 17
32 41 58 49
29 30 23 36
9 23 32 55
1 59 1 31
12 49 51 14
20 57 2 32
5 20 25 31
10 16 38 38
33 54 34 35
35 18 24 30
39 13 58 24
58 48 20 11
35 48 32 51
23 7 35 36
21 41 21 34
58 57 47 39
39 36 4 28
30 44 49 46
3 6 20 12
16 42 44 54
21 44 30 49
43 27 10 39
5 24 28 47
34 55 12 53
12 19 40 47
30 24 58 53
27 24 27 29
29 35 56 10
6 54 10 27
2 37 59 19
52 42 55 55
50 24 41 34
32 22 55 47
49 53 17 49
4 5 34 22
11 14 26 38
35 13 45 41
27 33 35 4
45 34 27 17
23 9 35 23
42 10 1 49
59 13 50 37
8 50 57 4
29 18 16 36
10 3 20 54
34 25 50 25
47 30 41 29
36 8 16 37
24 54 27 47
29 13 12 15
14 32 2 5
1 44 16 38
8 36 4 57
37 43 27 35
55 40 45 18
22 27 46 23
7 27 54 51
26 26 23 44
43 55 20 42
1 25 17 31
44 25 43 35
59 46 36 3
7 9 6 47
39 38 57 12
32 25 28 27
50 9 13 32
32 34 12 54
48 52 52 26
9 4 28 55
52 21 52 36
43 30 32 46
44 3 34 44
22 34 51 24
52 33 51 8
6 1 18 13
21 30 8 23
44 10 49 22
16 32 27 39
7 39 35 22
20 41 47 1
7 29 13 26
26 28 34 55
41 18 39 5
17 50 47 52
44 41 58 39
13 58 28 36
34 55 6 56
12 4 59 30
22 24 55 52
3 56 47 18
50 35 50 21
54 15 35 50
56 25 18 14
15 15 44 40
20 19 58 16
51 32 40 51
11 19 45 39
55 26 26 2
8 8 24 3
45 39 50 46
48 42 4 44
4 27 38 50
3 6 22 54
42 40 42 36
45 27 14 24
16 2 25 52
12 27 38 26
8 42 23 16
49 30 28 57
34 16 19 9
23 39 51 50
13 4 51 14
28 48 20 2
57 57 26 29
53 47 24 13
4 11 32 33
58 36 56 50
2 59 3 5
51 33 13 24
29 14 27 29
53 4 18 21
17 29 3 26
56 48 27 5
26 26 38 32
37 9 36 48
34 2 59 24
57 46 3 22
4 54 23 57
23 44 50 6
8 46 57 38
31 33 50 31
26 24 29 54
29 19 6 26
52 29 1 7
37 25 57 23
53 29 22 49
41 32 27 4
14 22 31 59
22 33 34 46
7 37 18 36
4 29 29 9
11 7 56 41
40 23 53 38
39 42 24 56
53 58 10 37
50 32 35 11
57 23 38 10
24 33 47 28
6 20 37 25
25 29 54 32
52 33 40 41
18 41 30 7
36 17 17 26
31 15 33 48
5 17 10 34
11 15 31 10
24 24 38 4
48 23 6 50
57 59 50 42
46 8 39 40
24 32 38 22
15 3 34 46
30 6 50 14
43 11 30 25
59 52 39 48
27 29 34 23
59 40 40 45
4 45 8 18
30 1 56 42
45 25 12 54
59 31 41 44
22 18 3 21
16 33 51 8
20 16 32 57
2 6 39 30
31 7 50 2
41 49 26 38
7 20 7 47
36 30 57 20
19 25 56 14
42 6 44 21
36 5 41 43
58 32 52 10
21 28 13 34
31 50 42 56
36 59 12 52
10 55 21 25
57 49 41 22
35 34 36 57
55 44 56 1
44 17 58 30
24 3 2 51
46 45 57 58
45 54 51 52
56 33 27 18
6 7 12 15
3 11 19 13
17 2 16 21
30 9 11 23
8 32 47 51
5 29 15 50
45 8 29 22
45 18 27 16
43 14 38 6
28 14 20 55
55 39 57 34
29 25 39 20
2 48 5 38
54 52 16 52
58 50 19 39
9 33 6 48
54 55 29 23
56 29 59 36
35 28 57 28
43 47 59 26
1 51 23 36
41 26 7 19
48 7 28 52
55 55 51 10
51 16 56 51
8 34 59 45
54 46 37 23
12 48 9 30
14 4 1 8
21 35 29 19
51 56 13 24
52 12 24 3
28 32 31 42
21 47 9 28
12 5 31 19
14 18 28 28
10 38 23 20
54 1 4 7
10 33 31 22
44 33 19 46
49 19 53 58
49 6 23 16
23 57 43 6
6 20 58 2
48 20 28 5
25 17 10 32
50 54 53 38
33 54 1 23
14 49 59 15
16 21 6 8
15 13 11 50
55 10 3 31
16 28 31 22
13 41 35 36
55 32 21 52
2 42 57 18
18 30 25 30
41 52 33 56
52 21 19 49
45 38 6 5
30 9 5 49
16 27 45 37
28 31 46 52
25 48 7 59
20 56 56 27
30 8 43 56
20 6 6 20
57 41 48 3
22 38 11 30
57 5 11 17
50 47 25 14
23 42 38 5
3 51 30 48
43 46 16 39
42 30 2 56
52 14 19 37
52 15 51 58
53 55 59 12
22 42 43 11
21 58 50 33
25 33 11 3
38 53 45 56
18 55 42 4
37 10 52 42
46 9 52 34
14 12 53 32
9 48 21 41
57 56 23 17
52 26 36 17
35 32 17 18
1 33 28 36
18 42 39 7
16 42 40 2
58 56 15 4
10 50 29 52
48 37 42 51
40 56 37 30
59 25 11 30
12 3 12 2
15 59 49 56
4 55 38 11
47 34 34 15
35 4 21 34
29 56 45 31
32 32 2 57
40 58 57 24
31 23 41 30
49 50 51 10
38 9 33 7
49 23 2 50
23 45 3 13
44 9 56 30
36 11 48 51
25 36 41 1
14 7 51 30
8 53 8 38
50 2 24 21
56 27 25 28
10 5 34 57
4 33 18 32
33 49 22 14
49 9 26 50
35 43 34 27
12 49 42 8
32 46 13 32
14 50 16 40
18 59 5 1
26 25 58 33
1 19 14 14
18 40 4 30
36 17 28 45
23 1 28 49
45 40 27 8
31 52 17 4
12 40 32 17
12 10 55 49
13 28 52 26
24 28 13 30
1 23 13 4
57 18 26 50
55 40 22 32
27 52 52 48
55 54 21 16
29 48 49 9
54 27 46 36
24 17 36 21
27 18 48 42
56 6 16 16
23 31 47 20
38 54 10 22
6 3 34 6
35 43 19 22
28 21 52 32
5 52 30 53
57 22 21 27
21 38 11 12
11 51 8 52
4 5 1 22
52 52 6 55
43 28 27 12
22 1 7 22
