62 622 569
91 769 343
532 705 226
56 647 604
168 76 218
315 706 131
143 242 505
206 601 570
122 175 27
123 482 619
491 127 180
403 38 195
188 292 713
173 337 307
558 112 67
668 428 614
546 664 76
73 722 366
641 547 424
638 646 746
2 779 179
670 210 30
364 22 7
770 44 649
254 191 36
490 102 407
257 659 4
448 258 216
162 351 684
554 22 734
517 298 110
450 745 659
412 500 96
566 404 528
327 449 382
170 3 531
328 150 378
310 718 452
520 528 730
723 314 634
711 548 382
565 476 745
709 665 485
557 572 221
49 739 14
524 698 756
759 707 377
282 551 445
551 216 565
38 318 95
155 253 63
651 466 413
466 766 296
694 771 779
539 770 330
307 237 482
3 246 250
410 138 82
512 640 474
423 287 633
317 135 14
15 370 744
446 324 711
254 24 355
453 653 565
787 179 171
658 406 170
645 522 201
630 469 261
227 481 87
281 568 552
381 412 385
199 80 408
744 88 47
297 26 758
663 453 424
696 614 299
473 198 213
793 249 281
565 552 373
483 330 158
146 9 442
330 608 542
497 415 631
93 340 391
623 356 567
50 9 378
372 180 774
59 579 312
581 201 54
382 741 608
369 257 417
152 5 741
229 766 57
267 194 618
741 45 380
560 283 265
442 142 738
562 536 752
489 621 724
58 130 274
369 106 95
362 477 456
642 353 8
366 468 267
636 728 526
440 602 330
171 281 586
552 269 783
736 554 130
24 351 556
664 170 330
447 453 209
558 531 624
343 645 111
329 582 108
436 699 601
449 272 710
570 466 46
94 96 527
267 62 242
122 509 757
719 207 622
32 204 525
49 318 498
100 199 546
9 244 274
645 374 697
438 787 501
658 558 622
306 252 672
351 486 331
517 297 765
364 644 635
735 166 464
599 353 704
208 378 533
110 278 592
420 510 728
177 159 290
548 48 612
665 180 703
511 551 441
114 633 409
451 275 87
492 546 658
529 492 43
63 98 745
755 265 1
13 690 618
752 29 226
259 642 756
680 795 686
280 281 739
19 272 601
743 549 429
103 7 272
710 291 446
762 315 66
143 569 653
321 704 435
481 576 142
493 561 793
7 654 579
450 565 79
665 780 202
337 114 702
685 788 741
369 423 268
644 595 515
756 180 268
560 710 786
186 294 169
189 522 549
595 325 649
596 115 561
98 360 99
384 207 70
787 424 77
159 601 368
530 743 360
604 628 326
250 609 269
721 18 637
499 403 293
649 546 611
67 458 789
259 31 81
289 679 217
173 546 530
757 276 238
312 531 376
751 437 104
736 293 357
569 16 642
48 791 785
649 316 797
248 118 652
392 736 565
182 201 493
591 350 100
57 36 90
168 349 40
511 318 670
204 757 178
360 602 590
668 512 183
703 583 488
73 587 617
270 120 3
780 108 460
207 328 39
573 582 494
354 547 24
742 422 452
418 57 257
413 504 487
397 763 11
598 673 474
589 228 485
26 530 451
670 189 90
442 741 205
395 260 764
181 793 448
109 619 473
716 458 545
556 269 643
676 275 209
100 269 444
745 361 478
526 698 489
544 425 697
215 564 487
717 268 505
68 540 547
642 209 204
107 555 139
352 135 551
489 456 538
635 376 610
749 514 726
340 445 184
107 380 384
345 627 420
236 337 595
767 48 641
766 540 351
336 204 55
476 435 363
547 305 282
34 688 467
341 453 461
508 200 327
558 796 470
52 602 492
750 118 342
209 143 252
761 165 767
795 539 641
273 275 144
524 549 71
386 593 663
23 756 463
74 613 654
564 673 722
373 86 677
248 545 709
707 239 554
371 569 379
678 619 580
633 250 407
309 727 366
160 604 147
64 24 224
653 4 511
271 384 102
654 707 350
348 711 756
482 92 657
550 175 311
452 119 633
297 715 666
613 658 51
636 745 305
755 760 733
420 714 740
219 208 400
685 423 219
443 195 219
79 794 57
691 515 288
175 410 239
232 262 490
574 691 105
750 224 193
434 765 157
648 493 706
149 254 720
186 539 602
437 477 385
461 29 54
63 618 232
199 434 429
369 52 419
749 554 513
524 561 583
323 72 335
255 78 8
649 778 754
217 347 638
185 482 60
645 540 87
326 249 492
137 742 596
506 207 22
451 415 410
94 491 471
391 81 636
174 680 90
486 127 299
290 512 474
89 134 779
113 146 530
732 796 185
436 391 162
171 137 515
469 719 553
134 199 69
427 711 505
269 317 733
63 586 97
164 392 799
195 48 145
85 629 618
188 286 674
734 604 681
642 442 128
68 549 728
251 357 691
794 505 262
485 670 369
443 273 110
3 732 133
258 559 498
148 143 470
511 390 448
280 753 106
628 696 781
262 688 761
560 114 613
386 730 325
513 580 616
168 708 499
560 243 664
759 196 776
719 731 576
355 689 280
765 602 98
730 640 755
572 683 407
799 85 602
511 315 540
240 443 162
182 505 154
642 617 757
264 621 214
104 137 248
59 720 567
417 229 452
15 304 232
622 209 465
295 700 797
453 293 181
67 63 46
588 215 90
11 109 329
645 424 714
71 728 293
525 199 532
678 749 400
504 169 268
422 583 669
780 126 25
382 12 449
105 331 763
120 602 737
246 621 117
350 450 770
99 171 606
799 127 311
788 761 601
680 26 616
325 353 752
765 770 482
595 385 534
611 597 755
282 339 606
238 247 74
307 628 782
16 48 122
270 716 617
466 6 411
449 233 307
583 591 107
660 734 333
116 614 432
322 356 727
253 568 407
43 32 754
330 785 788
489 247 613
348 776 27
212 707 274
351 135 68
795 646 658
151 446 340
211 729 537
145 258 667
780 747 344
496 684 134
573 197 303
297 286 36
502 435 520
561 247 49
146 158 644
182 494 8
56 629 791
662 517 568
134 370 695
538 74 444
577 567 534
192 180 546
594 720 135
305 352 568
758 169 158
627 654 593
234 254 267
441 221 235
721 139 572
1 301 178
678 637 252
114 251 269
111 338 708
577 527 405
176 674 476
81 10 446
438 36 446
108 451 331
551 722 698
70 169 698
452 445 375
497 25 297
373 569 568
193 761 339
250 401 221
528 775 242
306 355 756
525 175 458
328 167 21
500 392 315
317 557 204
370 595 781
467 572 681
380 688 129
345 27 200
595 200 30
773 166 166
46 181 528
708 67 646
741 445 663
52 605 228
75 741 88
630 58 765
614 762 36
651 569 399
671 406 660
28 83 558
580 762 333
747 551 747
766 65 786
415 459 339
92 151 598
714 710 471
181 472 407
76 618 269
257 512 639
236 181 738
346 623 194
271 729 217
126 576 64
239 587 689
110 231 377
787 584 568
385 661 767
665 528 620
660 159 768
411 164 405
190 13 385
698 658 211
425 526 598
31 740 697
191 188 635
732 759 520
44 676 159
734 275 509
241 211 241
732 30 59
463 382 109
685 218 382
532 790 263
452 121 667
651 329 224
188 686 777
68 25 392
468 440 261
472 404 580
341 493 574
422 747 671
796 484 277
271 771 642
454 109 462
34 137 329
660 507 719
762 541 302
689 503 170
66 94 719
552 442 658
98 625 305
790 562 446
327 704 729
700 50 424
435 576 260
348 379 541
464 357 442
146 68 43
161 328 363
610 443 505
72 28 788
564 121 225
277 700 251
604 285 364
210 645 91
24 490 642
689 625 536
219 610 165
220 162 503
745 608 160
212 530 751
208 252 189
714 96 248
514 210 654
689 356 541
731 681 294
770 760 621
51 598 155
278 731 98
300 682 412
97 106 608
759 689 114
428 200 243
357 523 430
636 289 303
97 581 309
741 403 692
12 218 525
169 746 14
49 362 103
306 41 404
473 512 551
707 690 12
781 90 367
296 385 581
220 648 468
754 360 510
343 381 644
799 206 424
698 766 292
436 630 497
790 645 589
371 448 530
385 751 385
578 378 30
121 50 356
359 247 138
768 510 741
81 217 168
582 13 36
492 120 144
771 338 10
145 730 75
329 72 408
351 309 85
33 579 587
142 326 528
732 16 465
322 321 748
165 7 757
667 296 581
177 744 270
724 759 494
765 236 171
126 611 773
681 751 263
125 752 188
191 667 181
453 170 759
753 37 171
681 730 219
124 479 5
575 540 415
748 617 604
464 205 52
352 736 642
2 576 88
208 690 571
446 438 251
537 644 515
485 736 238
80 210 668
520 746 487
85 283 668
36 34 239
471 466 367
416 328 650
558 66 376
60 562 53
171 315 504
185 151 307
347 8 42
108 772 144
56 685 520
566 718 727
372 789 577
528 36 749
648 418 763
152 318 353
653 737 298
14 629 547
521 380 47
7 198 515
374 331 3
164 790 718
545 397 706
767 457 229
456 530 73
48 607 267
737 413 248
770 25 149
239 438 470
231 204 135
150 189 95
619 778 348
389 260 170
330 740 123
523 479 511
115 411 412
467 476 194
406 186 385
272 510 376
75 272 627
683 778 610
449 237 336
210 130 380
627 322 663
639 185 430
199 338 520
794 629 770
723 304 160
658 534 110
47 537 560
496 763 415
410 677 193
777 23 655
706 614 27
571 647 272
728 425 4
201 324 660
381 493 752
748 101 132
239 590 423
425 265 260
449 360 590
119 709 765
658 123 221
352 482 59
704 255 458
509 495 355
769 529 17
652 236 85
796 63 539
778 189 286
197 486 99
287 766 257
291 312 687
369 597 678
687 30 699
4 83 593
749 322 661
593 75 3
696 748 290
224 646 383
337 658 779
164 121 535
476 247 248
386 444 10
181 728 258
167 796 766
784 56 201
752 268 292
191 528 437
664 437 615
690 191 470
717 429 798
500 790 147
761 721 411
380 628 177
502 177 719
126 80 505
696 736 705
625 501 615
340 65 248
649 392 674
298 763 18
726 675 596
646 495 671
697 59 289
278 86 685
254 38 448
5 12 297
180 707 632
307 722 368
214 19 629
178 422 143
126 439 597
512 720 383
530 326 618
442 333 794
545 272 767
304 413 374
380 778 381
429 758 394
126 57 280
4 108 587
533 334 167
331 285 520
733 328 553
240 397 711
665 100 765
778 322 664
428 239 664
554 307 551
536 226 790
461 535 146
385 146 328
688 555 57
726 57 427
433 557 771
31 447 462
707 172 266
295 163 518
312 580 691
524 37 269
227 549 337
462 109 468
606 5 60
188 536 729
685 119 39
430 404 413
657 343 35
235 361 690
71 789 9
173 65 692
797 529 161
413 440 476
89 606 473
584 369 147
395 748 632
631 246 352
632 349 168
199 106 120
674 186 19
493 298 497
315 450 566
259 121 83
20 649 215
434 717 66
440 468 505
458 644 292
86 602 639
168 223 418
658 514 618
388 730 490
343 492 607
505 364 669
103 67 710
440 161 505
298 174 432
303 730 531
442 109 89
752 181 735
474 110 455
473 629 678
556 311 743
459 586 720
172 544 593
792 229 220
553 35 683
511 65 679
72 614 182
371 453 671
269 267 775
334 384 56
385 470 199
224 586 133
331 2 399
540 150 318
668 591 572
433 167 112
260 268 210
702 508 626
216 128 52
141 783 324
373 759 426
51 452 291
285 161 518
389 353 486
381 246 193
323 565 250
390 784 168
143 453 314
416 678 621
186 295 515
543 313 491
566 774 43
131 441 627
580 374 144
108 83 730
640 132 70
51 705 260
271 797 747
79 271 104
168 692 11
667 137 491
558 655 373
552 244 600
723 416 289
632 635 175
608 660 735
274 700 725
234 468 794
55 656 79
668 31 764
198 267 418
354 44 572
545 237 203
288 112 177
718 725 293
631 574 415
431 648 763
225 72 422
215 209 769
339 304 656
175 556 422
320 62 535
394 141 498
606 708 488
334 692 507
144 777 385
99 230 481
99 192 514
365 143 521
150 531 522
11 11 292
634 337 435
62 76 308
556 228 565
612 491 281
674 506 87
687 324 589
659 217 514
295 634 279
299 555 787
115 753 203
112 367 683
169 183 507
615 114 437
123 268 436
527 51 105
35 65 359
736 201 686
186 150 446
766 298 757
548 575 121
567 575 320
477 369 369
234 202 453
304 559 359
379 99 461
752 209 451
432 223 65
473 371 462
598 351 734
314 690 113
202 202 43
662 151 47
129 783 363
739 353 323
76 205 111
540 644 641
114 1 659
160 586 1
553 33 703
544 331 646
709 767 342
98 571 379
50 501 556
22 53 390
765 764 149
724 264 734
560 247 115
56 212 657
707 302 355
372 272 680
641 38 410
651 406 63
220 768 769
131 391 628
86 180 37
169 571 494
61 516 85
510 340 364
424 168 251
688 475 428
793 428 772
267 105 645
691 704 491
143 546 339
310 50 356
575 22 12
593 298 587
395 126 312
410 91 177
666 340 534
298 605 743
570 376 554
363 293 734
611 490 31
473 110 508
204 261 763
699 302 750
43 432 775
284 605 103
663 570 604
295 145 786
544 706 294
775 171 151
319 260 584
86 121 479
253 98 454
108 533 585
178 87 664
322 582 696
748 219 17
204 69 312
230 391 305
681 284 690
442 765 547
331 72 74
604 301 671
685 372 309
762 544 297
778 631 762
70 91 636
442 637 250
539 357 769
740 148 1
420 167 555
380 422 703
200 142 726
664 213 568
312 791 92
601 635 169
654 674 650
436 634 602
210 127 48
55 84 553
518 641 73
695 771 773
528 571 603
229 720 652
728 318 579
586 612 163
80 582 590
233 113 593
107 541 58
580 528 372
505 131 625
336 194 743
224 675 309
322 461 495
760 90 129
571 798 41
148 19 221
158 555 706
34 563 152
176 190 553
182 711 643
460 426 290
14 279 534
503 785 287
524 678 104
510 41 17
287 11 735
566 552 673
626 492 609
341 134 558
147 668 428
197 661 118
406 293 333
694 14 97
279 488 550
462 434 739
69 785 216
463 505 216
259 371 749
161 466 568
12 341 42
496 266 760
538 365 763
431 623 137
70 660 726
594 136 36
605 665 243
435 391 83
167 409 216
580 49 486
682 176 476
443 209 38
427 35 143
54 788 602
314 228 617
501 604 68
546 60 390
418 487 144
212 63 88
428 385 548
331 688 209
645 78 107
243 595 535
438 302 326
48 229 292
195 484 564
44 116 350
228 421 544
267 293 649
116 778 412
601 464 193
76 289 51
559 368 649
252 465 64
71 710 565
569 593 793
415 574 553
245 50 431
735 779 52
258 11 267
372 570 775
681 531 672
277 115 391
514 685 743
295 568 600
230 403 35
700 435 681
172 137 607
514 520 322
630 569 797
309 459 307
590 485 350
646 469 57
657 497 351
406 139 466
58 409 297
246 98 36
313 489 251
614 553 9
272 62 146
663 242 236
352 9 61
370 236 149
451 262 646
595 264 505
111 541 580
453 619 582
211 253 123
784 500 740
581 233 346
275 94 154
477 326 123
574 674 524
152 272 643
299 252 522
681 766 616
557 612 591
94 686 115
537 397 60
340 722 491
544 255 68
737 486 339
333 667 649
650 695 577
571 345 559
689 166 139
302 370 187
544 261 314
199 756 296
225 762 59
545 134 397
525 72 13
797 397 794
1 515 540
674 492 636
169 46 280
403 743 401
719 493 372
143 469 110
597 453 778
701 553 85
357 371 256
590 697 568
746 1 259
768 444 93
195 397 280
588 292 227
232 369 123
287 784 32
441 742 131
146 242 655
68 229 166
206 492 748
197 79 591
768 498 403
627 17 333
630 435 67
599 479 242
780 23 685
452 107 111
733 194 19
133 175 727
202 465 230
576 227 512
269 439 608
97 692 727
740 328 467
217 226 327
583 367 516
523 266 713
2 455 214
481 115 630
796 84 676
14 593 322
416 19 396
484 492 755
473 771 583
200 698 277
297 307 277
428 409 265
26 66 471
48 194 655
376 102 644
448 698 376
704 770 158
642 685 797
227 699 423
789 481 192
85 570 421
123 742 528
691 501 538
52 463 564
542 65 532
426 441 30
405 670 453
355 485 34
397 116 419
276 348 624
783 601 660
397 461 165
340 524 240
575 109 149
788 476 571
54 201 522
112 278 743
521 53 68
774 744 75
428 649 559
660 750 646
200 443 238
628 680 140
482 14 793
336 57 789
157 614 77
774 473 391
614 193 10
64 19 684
404 6 566
239 546 64
82 27 462
738 594 698
223 54 547
308 700 661
585 9 782
613 411 324
250 632 578
479 626 30
202 704 495
479 391 21
164 631 388
278 390 50
224 230 703
765 203 591
760 333 743
59 227 496
272 686 244
16 559 499
17 510 656
494 129 641
384 306 264
293 505 147
342 181 183
587 642 266
136 353 226
562 628 295
371 762 124
362 383 548
338 41 536
511 233 634
420 752 628
658 427 711
355 760 452
549 63 757
620 185 298
148 18 473
512 81 196
63 194 408
268 680 225
495 403 716
351 565 265
647 7 658
162 171 351
430 63 687
27 572 128
318 573 441
201 471 132
458 289 182
785 135 288
306 795 186
244 521 172
736 315 785
382 79 309
253 214 39
547 553 648
124 214 568
35 650 58
190 575 420
341 20 394
198 555 373
433 283 245
63 750 148
753 316 589
49 635 721
389 638 335
236 553 188
743 666 414
794 766 653
770 574 49
175 415 295
26 288 264
521 707 54
608 494 73
129 224 425
43 206 455
446 538 661
653 442 241
115 162 133
276 233 576
621 217 527
463 259 624
325 496 723
395 214 291
114 445 513
427 563 163
280 138 35
379 502 587
284 744 707
710 13 380
403 67 214
56 417 280
553 374 232
158 120 684
302 733 125
505 618 79
286 361 147
525 530 13
485 160 652
58 475 138
516 395 498
621 35 284
628 253 565
320 438 237
64 316 546
223 381 323
504 182 252
135 319 678
406 355 694
174 447 199
604 632 500
637 669 614
663 31 774
521 303 455
260 617 554
748 679 364
406 175 203
452 128 118
103 49 477
707 479 279
347 52 579
154 244 493
244 100 43
332 73 299
685 647 310
418 156 504
768 239 544
330 575 106
153 78 76
287 293 584
166 199 432
215 708 297
291 700 281
105 753 638
734 579 43
161 302 132
117 123 647
371 101 214
366 450 513
317 773 59
336 135 559
380 399 56
61 758 497
222 725 512
681 306 340
652 406 588
259 762 687
111 349 492
492 194 663
468 112 77
771 456 410
773 252 420
782 561 191
393 72 521
171 553 684
308 427 418
405 174 320
766 46 695
738 700 583
350 753 609
333 135 563
215 642 404
331 115 379
184 280 84
225 439 611
293 468 328
68 498 360
335 747 385
606 172 342
428 238 251
578 378 215
6 244 722
273 44 486
688 258 498
459 202 608
68 403 720
248 64 52
151 378 396
534 588 352
653 383 2
61 532 195
120 622 144
596 35 649
252 115 639
788 49 550
671 765 28
216 37 225
725 73 182
248 507 210
610 342 428
410 7 542
671 228 611
609 345 366
688 424 153
431 574 455
400 590 430
171 147 395
541 252 343
102 462 333
773 49 488
440 102 531
51 603 160
133 449 395
742 150 115
545 664 370
245 480 389
765 295 78
727 117 522
505 456 379
38 266 581
75 601 32
155 648 126
339 684 644
36 529 614
73 451 654
720 698 590
39 177 748
426 759 31
744 745 751
227 788 640
247 521 273
608 539 291
683 574 763
499 44 169
462 576 75
157 481 101
319 375 483
696 21 387
557 750 587
738 618 331
443 9 131
516 191 185
148 586 216
649 557 203
208 33 517
192 389 224
633 53 777
223 161 106
16 212 725
684 255 87
67 664 667
594 330 546
351 765 721
441 710 478
207 715 69
181 59 563
624 193 398
121 573 459
631 37 40
64 71 416
216 710 54
640 177 77
502 774 654
276 522 135
752 29 752
650 471 128
658 741 649
762 530 769
62 747 290
50 614 103
202 786 157
565 211 494
63 481 50
274 586 78
731 169 278
669 332 295
431 138 669
720 74 209
651 610 161
729 184 279
599 547 572
570 135 321
705 379 173
684 410 750
429 101 169
24 208 533
524 182 787
11 394 639
329 592 40
227 466 63
434 288 132
337 124 754
338 655 316
473 492 334
354 74 262
587 610 308
676 482 98
670 67 472
254 186 550
573 231 601
746 254 54
516 554 795
734 210 242
538 299 472
330 759 279
396 775 26
310 308 268
668 149 114
133 761 756
595 63 428
607 142 262
308 167 736
547 696 457
372 366 526
458 100 95
484 301 483
271 489 518
540 243 501
650 445 48
420 270 449
256 58 594
704 460 554
230 296 463
324 571 512
229 641 215
598 80 541
154 241 674
378 203 699
176 405 396
146 529 479
188 481 274
405 455 222
693 295 50
176 455 136
21 415 510
71 678 39
248 386 78
635 139 152
565 215 185
589 344 222
606 47 700
570 93 265
685 727 520
435 404 438
412 430 463
56 603 244
515 15 209
408 322 623
252 274 163
593 161 6
761 784 76
300 766 152
600 499 6
582 610 727
661 276 90
405 311 273
374 129 15
547 204 644
30 677 647
146 629 776
7 313 169
222 561 669
677 409 686
451 760 502
658 407 597
665 241 622
181 446 516
517 566 783
686 495 342
111 205 444
589 690 62
443 87 175
369 30 34
277 116 156
108 180 685
630 19 19
751 74 531
374 711 513
320 699 505
236 485 204
64 64 186
193 137 163
376 314 743
486 707 645
215 356 615
713 149 713
180 428 567
640 313 744
384 620 465
598 86 329
468 328 426
453 190 627
349 633 386
516 328 164
417 758 754
312 259 31
446 171 604
526 232 558
611 615 459
433 492 12
14 138 776
674 762 552
530 173 549
382 300 39
218 596 95
412 230 620
210 517 425
153 103 527
612 81 489
687 517 521
66 3 614
44 670 379
225 732 605
594 756 257
274 96 420
712 256 759
343 622 35
39 93 285
391 284 238
145 236 382
157 520 295
65 136 551
672 646 649
532 606 596
190 593 587
234 510 628
769 510 284
19 290 770
514 506 315
737 26 427
7 715 544
620 401 24
332 11 468
76 162 599
635 567 499
180 384 507
487 30 27
330 16 683
512 620 730
705 665 766
217 16 269
174 575 54
187 535 246
524 196 590
589 26 27
338 400 219
618 656 234
765 710 242
553 678 617
57 455 562
398 637 708
668 50 395
432 582 309
590 584 464
347 759 663
286 64 327
104 488 799
280 770 33
567 429 447
461 92 330
589 382 255
61 782 675
178 34 538
586 344 13
312 781 253
525 629 577
501 494 347
508 734 13
114 568 172
631 465 507
589 305 725
539 183 432
641 127 326
47 718 552
260 562 621
323 787 528
652 559 283
290 30 103
77 501 532
232 502 552
475 713 725
681 54 310
152 94 737
772 259 366
352 764 486
32 322 144
56 34 226
87 62 405
441 163 463
778 8 201
705 452 523
19 670 422
69 115 377
176 508 485
477 770 332
788 579 152
222 19 491
659 174 751
120 725 97
411 667 43
685 553 69
355 521 214
543 578 280
753 138 255
503 726 662
368 424 761
499 291 507
757 149 696
66 424 85
80 166 562
739 427 736
58 188 248
128 356 610
314 515 446
793 600 721
607 718 466
20 482 472
153 725 318
203 39 616
783 456 190
509 91 750
385 15 163
139 480 425
182 74 335
229 69 209
624 738 752
419 452 694
295 264 283
767 518 635
508 696 663
318 224 703
588 536 254
308 385 645
763 207 518
72 112 411
596 170 737
45 166 51
264 168 584
249 363 450
350 138 781
139 786 63
345 479 332
447 43 204
295 449 178
458 701 470
105 90 735
403 394 171
488 460 670
58 655 278
116 97 694
199 311 346
703 307 662
354 247 685
599 539 108
79 566 238
184 59 194
242 364 797
347 622 67
95 544 234
231 351 407
520 430 605
258 296 731
215 384 57
466 56 191
461 671 220
538 758 352
141 700 698
173 621 296
614 215 250
739 585 332
683 541 7
753 731 612
750 93 16
366 368 299
504 76 84
454 286 70
73 137 335
416 455 700
344 739 201
475 112 167
565 369 377
566 293 85
235 721 663
52 523 261
348 789 668
685 143 733
385 507 750
628 166 424
572 772 455
225 4 485
4 68 556
234 289 575
753 387 754
16 182 56
456 673 368
282 19 393
255 582 292
763 164 290
57 132 90
141 482 1
353 438 29
494 226 180
503 202 780
76 599 530
660 469 357
707 544 585
4 95 576
62 216 120
171 769 128
689 129 719
611 66 611
147 517 179
279 119 397
727 763 735
49 39 66
717 312 520
171 533 593
782 455 403
170 431 190
114 788 620
199 27 308
219 308 710
266 616 423
703 512 178
77 428 443
572 579 19
269 68 547
153 226 519
492 403 343
521 93 581
335 446 309
18 335 513
475 771 588
735 716 617
626 624 55
13 278 348
412 727 561
460 17 221
750 420 795
207 68 385
78 656 738
311 72 130
173 306 372
183 757 576
732 465 419
487 781 53
303 294 206
670 221 713
393 431 572
419 241 497
187 790 754
62 47 209
410 115 438
706 25 671
48 366 511
457 342 633
466 333 11
375 42 87
304 296 793
161 797 55
723 285 31
679 230 172
174 406 664
680 704 30
553 302 781
594 120 701
291 279 627
371 736 120
646 761 207
279 475 225
378 238 421
496 177 368
181 627 498
475 702 329
721 645 704
135 375 689
209 88 75
290 277 133
149 145 3
570 586 694
260 49 254
433 48 560
630 147 148
146 453 110
23 391 234
30 788 697
381 294 369
181 80 281
701 142 545
682 552 215
81 477 174
624 500 30
508 796 781
681 8 737
724 159 261
670 602 416
402 242 532
740 88 505
548 719 40
198 550 302
605 557 226
23 472 481
72 721 761
207 386 415
261 117 645
648 702 79
219 248 369
410 191 327
706 434 239
424 73 684
602 443 347
166 180 730
478 639 745
280 672 60
728 366 111
318 587 609
385 671 534
224 67 96
785 194 379
479 105 666
398 88 655
534 43 247
436 763 9
182 66 133
72 480 394
335 546 505
560 500 404
692 269 754
562 710 462
796 426 577
754 670 17
704 472 522
47 189 350
592 211 15
490 335 410
438 36 96
426 388 600
37 26 606
240 409 741
444 127 188
694 178 130
515 713 161
114 398 212
493 652 747
592 428 334
352 220 336
147 7 756
635 569 216
188 539 372
168 42 728
89 485 713
133 169 235
240 720 641
719 291 321
571 574 254
463 112 27
365 799 628
203 378 285
150 741 12
319 129 675
583 105 106
153 250 787
78 719 94
401 204 141
547 24 753
376 122 671
286 761 707
62 561 3
644 762 634
49 705 508
718 486 705
280 428 77
71 262 202
14 705 286
739 338 162
686 781 570
576 484 9
492 155 354
573 706 705
488 526 332
74 448 326
118 691 394
647 236 491
146 493 221
15 39 463
731 639 666
94 241 90
567 66 64
123 95 607
594 189 96
129 772 22
493 724 704
707 284 333
583 143 183
781 204 258
16 167 615
614 325 702
683 453 593
426 205 194
676 295 534
482 643 744
559 666 451
498 443 530
745 684 520
519 361 441
482 545 380
111 681 460
574 519 359
212 398 378
308 367 655
324 176 615
426 65 516
240 620 461
49 279 797
769 171 343
1 665 336
48 412 318
744 696 11
465 446 296
546 483 598
322 535 8
753 545 791
569 131 799
629 475 398
552 742 376
258 514 240
529 705 573
428 272 70
592 253 599
189 252 696
712 516 474
563 654 89
629 150 517
378 530 73
474 391 355
632 647 581
475 328 467
92 556 687
407 298 178
283 433 450
275 561 397
487 29 312
336 588 519
189 343 345
656 154 78
592 31 534
135 291 361
509 333 260
431 511 606
570 48 581
251 261 243
274 769 704
41 70 61
647 633 290
450 458 547
716 15 684
396 187 639
761 161 314
80 135 223
791 493 55
572 269 229
769 545 149
508 99 273
31 540 649
642 136 8
311 224 690
540 323 474
470 455 673
674 246 620
307 520 307
727 672 500
40 558 598
716 644 283
314 250 478
759 367 554
129 741 683
665 323 58
181 220 265
614 85 665
468 103 530
465 235 502
424 567 507
160 187 669
130 301 290
516 580 745
559 390 400
532 175 316
422 337 4
261 717 133
704 624 496
777 624 732
66 35 512
104 733 406
747 526 47
449 629 95
571 538 781
71 27 7
27 593 194
733 58 220
105 255 775
320 682 67
775 311 115
60 672 242
175 241 215
648 668 638
181 541 143
161 575 299
441 535 347
395 79 609
384 457 92
94 545 559
705 235 434
683 237 730
294 121 18
297 596 272
272 548 8
603 234 585
77 436 249
24 537 406
790 349 246
793 202 484
740 346 660
656 619 615
339 706 547
497 714 20
325 339 93
375 372 678
216 108 15
593 637 112
721 404 156
186 181 247
476 18 447
634 742 688
21 730 294
452 312 347
525 580 406
127 691 171
304 268 82
513 310 704
592 760 165
767 553 14
251 165 337
95 784 287
340 338 94
294 54 130
300 79 653
4 371 484
118 193 577
435 436 645
480 612 309
656 707 184
548 212 96
354 53 562
778 233 521
330 764 597
760 94 183
136 187 479
30 59 274
643 491 65
282 581 237
352 8 198
782 755 332
263 779 214
797 367 642
624 320 781
330 539 463
786 714 604
33 684 615
535 675 19
440 314 608
395 287 630
543 692 50
506 165 771
446 68 121
791 448 593
428 68 360
406 431 430
463 223 659
308 541 60
418 52 693
479 181 727
136 309 225
553 213 488
606 86 566
296 405 102
603 608 681
291 394 254
463 127 731
386 32 762
151 478 337
454 366 443
328 362 85
486 622 492
455 91 561
714 388 667
729 395 128
234 148 152
46 94 3
345 282 552
551 507 262
367 574 266
602 137 329
386 234 777
582 111 255
545 312 749
394 671 138
239 729 82
617 22 501
270 255 22
669 255 194
169 128 260
738 197 743
796 205 566
483 603 43
302 19 634
761 680 342
50 296 319
680 776 688
4 624 443
94 652 559
502 646 660
380 90 269
370 309 21
505 715 731
662 45 239
305 597 468
22 724 328
359 484 92
505 455 612
451 374 180
187 656 589
447 697 582
11 602 668
370 624 693
663 478 620
546 173 448
637 86 523
414 150 34
189 786 775
2 435 94
105 71 724
32 705 326
123 181 636
331 478 325
501 141 425
225 190 35
423 585 429
599 798 119
407 440 737
783 379 482
407 443 339
339 407 648
737 737 223
454 269 170
237 476 275
111 571 676
413 142 578
685 425 170
737 428 771
377 531 164
738 615 277
66 624 78
715 83 80
401 248 267
334 117 769
8 759 348
397 537 341
54 485 568
164 763 529
67 428 784
112 754 273
569 79 308
139 222 362
458 43 643
529 18 609
20 443 754
617 667 293
119 319 729
645 138 774
596 680 744
606 605 204
397 151 453
201 196 266
654 585 763
53 331 206
189 260 335
505 785 613
340 313 336
666 509 410
600 489 372
638 207 114
54 763 231
648 599 57
332 182 726
249 581 468
610 735 103
665 694 228
178 74 87
545 310 563
529 374 298
741 118 4
687 664 72
218 161 106
460 152 604
635 765 729
17 780 249
19 66 460
268 257 586
741 261 81
765 323 736
172 327 481
223 754 755
414 395 515
141 485 88
352 479 731
590 613 616
423 770 317
524 355 726
552 230 436
38 181 436
683 101 468
770 279 278
69 170 492
220 364 45
325 230 761
307 510 624
196 104 580
592 374 612
180 605 134
258 507 6
453 663 686
229 357 320
232 515 135
128 533 661
682 543 702
212 380 419
532 10 568
96 588 567
533 103 106
265 226 130
695 152 15
597 557 375
555 100 471
242 580 518
7 219 636
179 185 29
783 432 60
518 517 432
150 121 60
761 485 659
402 392 585
451 463 595
787 658 393
498 271 483
685 568 553
40 293 645
389 232 386
348 237 267
20 105 138
785 255 692
278 695 530
53 467 53
247 227 620
672 613 588
551 418 207
499 513 582
258 259 540
418 114 253
274 433 734
775 398 345
582 93 489
397 516 556
788 674 437
472 728 701
766 158 191
418 393 172
60 77 721
436 226 318
471 220 228
160 297 111
166 769 583
4 594 269
247 361 216
581 292 521
499 732 799
330 529 485
406 341 132
392 705 370
753 284 415
408 784 479
417 501 264
353 396 456
777 61 538
113 288 782
230 378 315
467 456 393
477 491 344
107 765 299
704 705 309
378 419 566
44 418 771
388 714 453
679 430 360
128 277 24
677 217 198
459 33 337
467 427 618
614 453 163
425 130 734
214 514 460
146 529 94
516 295 194
145 430 326
396 433 595
167 644 243
737 643 596
74 317 751
125 325 380
554 647 337
245 173 671
380 476 316
123 204 135
283 442 194
783 787 272
290 725 271
644 687 307
478 34 296
536 400 221
656 297 460
795 220 494
206 731 69
149 778 63
596 575 478
85 520 91
192 774 458
74 160 382
21 778 55
33 684 494
281 120 272
496 592 390
619 683 72
404 46 463
380 655 36
389 170 631
410 145 462
165 333 657
53 86 606
689 330 270
627 72 229
516 334 370
405 610 635
433 707 130
441 554 233
699 7 490
285 71 580
96 237 3
6 518 562
626 627 247
639 241 2
745 438 623
19 7 202
285 659 44
590 54 604
399 785 584
297 671 87
598 391 385
789 697 698
284 243 495
140 119 664
57 453 602
662 401 218
236 756 341
504 761 583
304 461 500
693 794 382
316 465 542
46 486 148
458 597 331
528 178 130
416 199 648
479 750 403
578 253 460
730 456 135
437 182 669
473 179 686
608 203 109
234 90 607
40 215 45
480 552 484
329 170 689
726 166 311
732 109 480
377 695 696
710 602 593
355 468 190
59 439 198
350 755 624
10 196 198
486 516 752
315 546 154
279 110 782
180 595 541
169 53 481
611 154 232
375 85 192
231 211 757
442 531 47
290 380 583
2 357 768
386 279 228
69 776 576
263 327 82
477 431 105
492 605 365
349 55 669
162 148 374
340 174 68
273 131 389
652 726 92
697 105 170
215 100 665
22 339 133
514 484 679
132 368 265
44 47 98
564 585 137
683 72 343
574 642 86
632 89 491
514 213 123
688 736 35
311 159 187
461 92 460
423 390 660
334 139 650
109 600 750
435 445 316
338 106 685
716 728 163
94 545 712
3 798 782
259 171 168
321 20 508
490 616 357
736 738 495
406 748 411
67 58 478
308 259 100
788 778 333
559 292 92
551 97 197
87 644 166
42 471 418
493 776 444
733 569 475
601 59 709
436 257 530
436 647 395
469 470 586
759 696 436
530 269 231
184 34 291
640 92 283
677 557 382
547 20 437
568 669 412
336 69 692
230 469 591
491 91 689
428 283 56
41 18 713
620 387 552
460 187 368
227 382 264
430 38 547
229 791 287
772 477 342
306 287 235
429 39 94
555 95 692
211 106 106
663 384 466
195 772 343
366 374 671
507 290 655
565 3 10
473 685 508
56 586 70
85 135 39
149 416 787
336 597 604
648 797 533
770 560 299
131 74 772
74 182 345
361 326 796
297 621 139
550 357 377
670 266 354
587 31 601
625 292 784
768 560 208
664 291 571
608 504 755
575 40 671
722 525 593
354 71 30
628 595 698
632 652 282
76 673 89
462 36 425
337 376 399
396 786 764
205 737 180
78 542 108
631 282 222
257 573 611
404 671 689
369 372 767
685 385 389
41 205 731
103 188 619
458 327 200
747 733 645
654 619 633
678 81 578
445 714 760
127 479 73
423 547 674
246 396 491
620 227 375
614 603 113
489 132 630
706 197 707
659 388 124
761 436 573
652 615 51
699 101 277
389 181 268
214 185 24
631 103 99
565 627 744
619 687 239
619 391 487
497 26 744
716 743 45
90 179 544
323 652 486
214 409 367
242 635 565
404 241 752
391 791 364
688 12 328
414 611 649
183 291 260
686 381 117
294 223 432
119 243 63
793 547 546
435 383 353
654 120 30
264 685 73
728 792 694
658 696 689
379 270 236
684 248 194
619 387 116
81 634 414
608 717 122
70 679 757
88 371 9
37 728 492
483 127 193
53 533 391
332 376 245
276 412 655
783 655 434
130 693 743
490 205 83
427 509 505
769 29 366
86 198 496
304 759 8
406 115 408
351 418 703
253 174 71
251 292 705
474 398 457
640 795 514
84 96 329
177 521 574
318 273 398
392 493 466
533 415 451
665 208 463
92 360 462
124 530 12
453 530 633
151 493 674
389 633 613
274 96 6
747 286 475
585 697 689
223 399 116
236 506 51
512 656 540
548 564 179
667 322 250
202 787 66
270 607 759
682 257 242
75 464 736
763 90 339
433 773 471
134 446 455
325 709 719
499 512 635
585 83 91
417 317 256
348 722 630
521 736 301
704 37 423
322 105 765
459 781 95
369 598 115
697 198 594
504 790 646
409 128 671
567 76 589
689 773 574
175 132 552
662 624 395
710 450 375
687 781 148
711 783 700
734 173 83
607 537 117
476 350 131
87 137 88
18 30 480
536 461 219
142 73 99
578 248 338
550 159 89
664 353 23
791 549 160
291 653 131
535 244 341
759 305 752
713 551 506
472 155 386
27 69 544
275 546 579
779 625 348
473 634 662
68 253 377
508 700 774
697 400 133
590 591 438
532 165 407
454 180 441
7 384 597
616 434 549
352 21 241
115 230 499
121 249 244
522 337 241
711 226 344
312 259 664
100 659 224
176 341 209
792 94 433
362 504 111
624 671 226
573 134 393
687 717 364
360 154 85
788 739 466
105 164 713
36 772 430
525 436 676
613 478 479
663 12 683
562 420 742
779 156 77
541 498 254
433 753 220
358 266 139
379 547 706
767 481 192
13 465 263
310 412 343
708 14 107
175 1 167
707 532 758
516 237 450
327 41 289
4 777 264
213 664 777
431 526 207
4 277 69
30 739 114
405 325 260
476 147 487
410 773 94
555 622 184
116 681 241
477 188 498
336 688 38
686 48 479
632 379 64
74 408 520
762 475 369
275 536 316
717 521 10
795 532 692
294 452 233
613 75 650
612 51 787
228 157 547
662 124 429
23 123 415
73 129 195
223 136 286
124 614 208
330 56 284
278 442 391
344 452 706
741 242 146
647 442 615
45 781 703
259 37 721
799 191 475
465 53 25
468 78 516
146 709 328
322 221 353
223 5 123
481 429 441
65 387 600
661 284 368
501 522 227
451 306 154
765 392 588
420 625 83
44 52 245
656 563 254
405 22 475
283 208 566
386 667 404
674 500 691
134 540 759
1 605 718
49 566 193
760 31 154
483 70 108
40 268 473
194 329 741
454 159 213
288 784 643
414 354 206
565 691 691
459 138 797
600 104 74
624 425 72
422 785 14
510 371 700
455 418 364
408 332 602
257 600 232
538 51 183
556 352 591
171 278 54
113 18 427
460 549 2
327 363 117
238 421 499
361 489 194
227 80 700
758 464 277
258 405 652
572 589 539
783 105 616
566 628 239
62 707 798
692 540 93
619 217 323
341 761 90
432 486 559
286 512 773
555 546 378
582 65 608
371 255 586
311 329 349
9 718 284
450 58 372
333 254 758
404 56 676
74 495 660
206 641 139
410 790 779
719 323 659
725 525 194
219 381 646
649 698 683
383 51 43
72 302 6
99 234 558
355 39 682
101 337 566
113 686 576
369 294 77
5 766 687
376 261 245
646 330 397
734 552 465
399 440 743
51 399 279
23 190 157
781 323 658
193 181 268
738 164 706
787 422 63
782 203 231
516 789 232
114 97 781
667 572 288
152 208 238
451 30 25
458 716 46
444 205 456
729 703 150
55 121 339
389 651 48
18 698 253
483 683 231
16 138 380
471 261 430
11 133 78
176 655 7
518 189 219
710 589 18
162 88 219
147 297 338
422 479 665
458 324 275
362 151 790
635 684 453
703 259 68
261 57 750
640 578 782
232 373 730
13 444 773
314 468 614
341 255 498
280 361 379
742 564 760
126 261 3
561 317 295
343 241 399
508 408 610
49 770 294
796 253 643
61 506 658
614 548 157
259 666 655
299 649 94
148 224 544
106 631 722
144 269 93
507 179 378
33 494 52
493 627 770
154 28 636
205 294 29
46 504 497
552 725 543
500 743 148
670 683 668
136 360 467
70 418 526
689 318 159
315 200 418
62 181 247
667 723 439
414 594 772
486 447 205
639 126 535
637 158 110
55 793 518
481 259 412
311 211 674
170 178 385
516 575 239
142 731 356
117 147 708
268 245 617
20 79 86
535 451 517
178 565 758
258 733 265
693 132 38
496 134 645
154 98 54
667 452 612
646 310 518
278 36 432
725 496 56
416 209 620
168 121 354
189 434 799
648 794 335
449 524 310
126 412 440
127 529 373
683 619 519
701 3 440
502 657 703
671 629 26
121 476 352
195 115 784
610 156 408
213 104 623
546 142 367
569 686 15
542 654 44
272 417 389
476 543 540
56 187 715
352 71 15
742 742 695
711 324 57
691 799 257
456 208 520
212 235 535
657 772 402
466 209 587
598 49 145
242 176 438
594 689 665
46 478 499
278 3 755
71 332 628
611 212 362
711 84 441
765 527 443
471 757 63
259 304 763
710 573 183
113 72 35
416 748 360
407 159 621
719 755 697
339 683 600
647 477 251
692 621 454
244 71 437
618 502 518
108 303 85
353 250 205
440 5 548
617 321 717
560 286 487
658 205 673
496 456 169
120 411 403
783 61 148
125 447 382
155 191 644
353 297 159
403 529 394
268 638 423
317 261 666
161 585 785
41 171 63
759 356 49
501 63 169
406 544 152
524 262 214
798 744 442
622 20 130
268 114 352
608 756 195
734 257 438
341 572 223
666 567 350
513 635 11
99 396 374
70 479 527
509 794 224
642 145 13
775 484 777
463 432 17
746 246 598
421 137 540
704 255 735
613 285 607
243 468 705
34 713 767
227 750 241
450 542 590
128 631 146
736 73 150
19 732 359
787 386 256
30 627 658
247 52 658
10 421 201
298 632 566
36 572 320
317 467 672
65 487 208
386 189 15
291 277 48
201 504 344
217 160 168
118 438 637
734 441 114
488 381 274
173 567 619
392 303 572
114 201 773
489 795 59
566 745 179
307 367 116
130 428 714
522 8 203
115 507 101
619 496 43
570 383 355
468 10 193
153 677 250
729 762 235
552 238 9
308 562 612
629 86 725
126 113 626
339 756 364
107 417 598
333 766 451
75 724 325
419 76 691
607 513 17
474 662 634
53 373 469
424 437 572
308 626 475
375 137 605
745 4 367
446 562 632
326 577 325
536 190 724
760 202 342
536 385 336
429 351 102
514 235 378
51 516 434
706 250 704
797 432 431
133 227 2
509 607 523
343 288 143
682 676 272
36 63 771
638 205 533
209 790 741
89 748 706
443 241 686
743 59 326
556 580 473
548 697 281
631 440 168
556 184 555
491 415 33
546 317 159
598 330 367
56 285 43
640 2 94
500 433 347
661 107 745
271 699 235
500 595 604
176 664 217
170 66 657
662 531 559
545 22 137
154 85 104
556 277 421
228 50 49
655 532 518
286 328 500
386 556 476
279 119 3
421 508 474
547 333 233
580 53 123
298 382 137
575 739 616
385 390 133
621 258 610
38 526 668
520 789 741
63 546 100
419 499 371
677 520 176
748 377 356
356 642 761
471 28 55
102 34 422
462 476 143
101 3 444
591 209 545
794 145 107
235 397 164
504 375 435
372 340 8
455 572 572
444 200 761
14 191 388
352 543 35
189 653 224
285 762 739
707 367 508
287 163 418
513 196 55
790 219 118
212 86 622
493 573 643
715 265 136
759 196 350
54 470 723
189 17 556
213 29 305
411 673 510
547 482 32
497 333 252
41 262 317
433 709 151
194 158 239
684 714 91
647 306 650
569 220 468
481 68 407
466 776 691
182 341 535
464 199 558
613 45 154
711 699 576
104 354 224
530 432 257
562 520 526
63 269 247
656 384 101
121 530 716
628 136 91
635 684 211
765 739 201
682 301 765
97 515 235
504 406 556
394 589 209
443 407 488
723 408 7
91 509 565
724 420 389
113 622 109
550 327 214
632 582 280
779 104 110
528 53 606
30 707 172
95 517 158
587 340 356
622 602 488
361 506 68
703 105 159
773 83 608
122 191 26
565 332 491
772 764 369
510 287 324
564 466 435
705 726 21
528 478 203
84 517 602
798 361 91
237 299 524
619 373 568
539 69 427
487 5 577
291 270 449
399 653 432
137 356 564
618 250 581
19 279 161
243 336 352
505 222 353
378 42 57
718 247 134
631 657 725
9 265 687
543 675 46
512 773 311
126 478 563
735 104 763
472 366 145
98 631 684
563 423 383
690 353 793
298 305 272
102 530 773
517 690 580
249 185 120
232 690 574
44 600 789
445 5 574
18 602 520
753 350 519
711 171 636
620 747 774
480 396 706
669 202 737
147 451 158
246 413 260
60 732 91
533 110 161
180 23 372
787 404 792
403 150 278
193 256 466
644 392 409
23 466 368
93 437 579
310 9 545
44 339 189
467 99 577
309 274 324
773 581 153
588 481 771
278 465 21
544 328 387
478 201 348
165 283 591
29 360 789
499 96 568
612 345 122
621 610 247
142 506 779
251 113 20
506 596 408
594 273 116
415 631 324
549 705 720
82 452 206
477 407 508
220 650 705
798 356 301
426 364 716
82 465 598
342 21 14
214 39 265
741 421 645
711 737 774
331 730 216
694 741 107
364 775 368
47 357 127
580 289 180
14 11 129
605 207 56
761 709 137
173 243 315
745 782 754
587 244 328
619 699 456
269 380 744
580 527 606
238 726 796
71 247 590
756 498 394
584 302 328
757 233 234
360 305 620
775 5 763
16 228 577
80 255 273
353 119 228
633 266 582
117 437 677
465 67 676
258 529 722
50 391 84
714 776 4
774 30 499
137 320 659
355 308 220
642 476 380
142 529 189
41 13 46
600 111 393
523 536 735
81 648 475
78 275 114
4 416 261
615 487 783
28 298 387
573 69 264
32 78 756
85 475 22
163 601 91
160 554 680
419 762 770
386 652 436
677 665 75
786 503 685
474 47 528
33 523 138
40 511 505
496 393 762
560 369 109
116 459 622
693 630 180
121 248 713
638 314 304
296 25 146
168 22 533
24 680 778
444 112 185
784 270 94
368 586 721
109 587 72
36 125 624
369 114 786
764 117 766
419 729 794
73 261 771
87 15 523
116 298 75
498 175 347
289 496 688
411 450 123
429 611 173
337 480 130
219 375 449
748 328 392
392 203 537
730 13 429
682 186 383
27 550 134
267 381 507
478 52 410
669 748 380
242 483 798
365 113 458
182 785 186
468 79 296
597 149 678
491 93 455
204 704 112
577 37 90
646 437 522
44 755 546
370 727 545
674 335 208
419 422 633
686 187 66
194 311 65
166 646 240
22 141 238
326 242 198
550 12 338
750 394 742
99 105 614
727 681 190
276 606 381
793 126 373
447 630 797
474 91 682
694 244 68
778 143 264
677 751 287
321 742 264
114 520 652
642 543 629
97 449 677
684 497 212
474 644 556
183 757 91
340 347 288
174 202 376
281 459 286
241 74 598
93 327 318
39 677 536
652 703 633
83 739 140
561 333 552
758 556 149
626 232 37
273 799 704
312 445 445
329 371 94
693 99 628
611 436 55
758 64 662
463 33 769
226 695 394
696 540 506
100 445 103
39 346 154
196 446 220
745 576 315
705 125 36
717 652 700
259 219 689
11 713 495
44 480 287
548 779 186
770 87 202
367 508 423
561 173 740
266 681 615
85 435 563
103 36 577
384 276 106
479 555 488
361 480 333
511 471 225
591 293 768
185 403 479
253 766 81
720 80 617
595 517 567
633 754 709
219 592 23
306 393 278
412 743 171
625 585 722
754 626 528
580 99 644
124 700 106
622 590 705
146 664 14
573 730 532
250 706 251
56 399 433
609 353 173
775 312 82
418 581 554
484 647 748
211 147 220
195 663 17
447 69 244
7 144 101
307 185 223
694 276 406
636 564 79
741 486 745
151 379 282
392 347 407
491 493 81
83 743 659
23 746 463
95 751 605
358 555 176
220 272 680
665 407 2
260 535 579
619 591 449
244 173 345
295 736 226
372 60 634
496 213 445
684 282 729
611 112 201
665 282 599
459 241 359
324 769 716
89 499 540
641 155 229
135 543 656
390 367 469
314 243 788
281 33 276
566 488 626
587 793 572
157 365 341
482 213 697
77 563 197
436 1 29
596 341 171
449 15 720
118 55 275
94 595 688
589 444 577
572 551 636
46 569 436
789 597 603
142 522 377
642 33 24
215 101 284
261 346 121
89 760 695
650 677 782
713 546 500
686 754 381
394 526 59
38 582 729
67 266 464
418 100 204
654 799 148
38 292 574
299 47 362
676 68 494
209 798 121
138 591 577
703 426 302
317 332 584
1 174 179
549 247 411
507 489 579
601 189 660
266 196 544
391 93 618
681 400 351
797 530 609
609 668 574
643 662 583
772 585 159
796 782 319
648 305 753
521 345 170
442 449 210
394 783 423
540 571 598
223 29 76
746 659 679
391 243 507
794 144 104
319 510 304
183 785 467
259 337 293
88 351 4
550 82 219
10 564 180
403 22 325
47 450 27
623 586 156
294 144 245
386 66 106
210 592 167
674 681 764
160 157 503
294 442 396
390 125 16
619 526 121
34 33 543
730 36 364
36 450 4
44 282 190
229 247 37
91 44 383
396 419 586
409 26 653
686 715 585
200 300 619
152 317 726
305 228 195
600 560 727
346 323 176
789 656 199
361 510 715
470 747 188
302 499 282
189 591 103
345 58 190
375 259 104
421 330 195
629 669 471
196 623 196
654 100 561
433 420 526
211 624 284
403 49 552
554 331 799
575 180 446
131 523 674
131 726 351
149 714 138
798 675 643
419 533 641
81 198 37
790 214 700
758 739 552
729 342 240
222 109 581
7 117 654
339 456 771
279 765 92
94 253 127
77 360 611
376 543 1
398 781 260
630 444 404
334 321 487
455 733 719
777 93 761
201 1 510
716 291 159
311 6 449
24 169 730
167 367 524
222 74 456
707 644 54
123 134 244
331 27 458
758 279 48
704 785 110
58 470 92
219 715 275
406 244 298
91 642 744
597 665 723
158 154 301
226 571 159
162 357 53
447 82 643
627 114 120
473 427 226
42 565 337
473 639 208
550 163 580
325 319 21
670 457 69
257 424 369
619 36 497
301 177 585
792 172 560
288 752 147
130 411 657
578 120 350
324 260 317
790 727 753
549 238 496
381 95 9
437 317 522
212 487 679
376 162 372
649 322 573
129 543 394
216 389 334
373 79 45
677 629 683
696 723 615
597 288 582
105 425 530
208 227 247
177 499 463
722 487 753
601 634 686
296 614 742
372 103 273
424 559 770
373 720 604
10 308 467
678 259 470
587 242 276
445 316 252
408 160 387
73 592 113
561 577 14
212 180 234
336 202 4
322 780 96
596 396 320
116 105 88
303 769 541
390 262 790
533 595 523
660 788 103
365 590 244
667 166 652
798 114 366
786 306 532
608 474 272
718 54 714
126 225 480
306 385 397
617 515 469
634 63 789
625 567 12
773 540 536
762 456 151
495 515 541
513 782 348
176 14 799
461 253 372
592 17 422
370 612 714
251 470 694
380 570 596
49 678 196
646 280 438
15 59 627
406 99 517
517 219 320
643 518 796
646 584 381
774 609 390
42 451 744
778 347 195
187 553 296
768 771 463
110 532 199
614 355 664
255 140 674
699 344 777
290 78 458
470 573 241
424 481 671
458 199 53
162 625 744
43 603 203
588 770 156
570 378 769
537 28 204
154 743 456
466 676 331
640 793 771
643 702 798
712 794 106
608 484 458
18 439 646
383 75 688
392 464 351
627 732 481
653 776 303
10 75 347
684 143 700
183 537 262
236 757 479
537 515 700
321 254 183
512 533 344
108 67 770
400 620 148
564 362 24
679 718 612
396 354 678
584 705 78
193 390 682
728 404 382
558 272 184
419 26 223
399 664 313
448 329 649
759 673 568
654 654 133
340 390 248
624 509 549
294 129 7
586 633 456
424 697 269
724 787 623
576 5 12
169 447 85
248 616 668
486 289 151
799 708 338
331 773 330
648 238 252
82 362 503
611 316 488
660 452 210
61 490 625
32 556 506
466 539 34
28 439 633
108 593 564
569 527 229
366 338 630
638 673 265
626 789 455
426 656 583
85 163 62
143 552 579
780 122 388
75 481 730
248 134 630
297 203 306
792 129 198
475 101 799
111 674 621
192 96 763
583 440 329
39 505 161
757 194 536
436 341 42
455 696 429
198 690 777
234 177 305
381 360 194
56 108 537
264 690 56
544 673 26
193 735 257
474 128 300
447 527 220
32 270 247
218 165 637
337 772 143
744 140 289
184 231 292
758 502 433
370 224 270
186 326 316
451 534 343
582 522 506
651 566 792
253 354 313
360 477 32
74 490 515
503 163 381
472 248 42
488 716 459
738 586 726
513 121 427
26 698 367
86 694 149
474 643 536
444 524 329
373 44 347
419 177 541
369 572 418
47 405 466
270 488 542
29 432 797
286 224 62
656 583 602
653 342 616
747 310 127
121 274 421
46 562 161
637 767 581
219 644 146
542 56 361
387 380 138
64 658 777
622 687 383
741 468 110
380 120 71
790 723 297
770 573 503
615 543 463
82 30 558
468 378 258
481 656 759
297 244 316
349 579 25
600 613 705
92 635 390
739 633 16
34 175 49
449 275 359
300 717 186
355 331 607
795 751 328
510 146 542
446 137 181
18 667 488
770 453 130
411 14 37
174 628 109
204 273 150
3 422 770
396 603 655
515 446 318
288 298 451
499 266 796
35 27 84
625 167 488
19 718 391
356 750 200
266 20 164
427 471 111
42 414 72
306 742 462
299 371 475
170 672 51
426 679 796
608 365 418
720 526 449
103 265 528
378 649 550
24 562 593
119 594 685
714 125 323
584 620 673
738 742 755
519 779 482
797 798 196
365 220 439
691 152 670
223 793 147
346 271 341
239 38 317
221 278 287
786 169 765
675 132 400
212 453 578
85 102 549
718 300 235
461 555 359
246 785 517
312 592 56
782 117 562
289 28 718
426 383 777
59 730 278
556 179 576
11 164 251
258 415 452
366 96 244
784 789 516
418 425 682
533 143 382
593 235 423
159 774 245
202 143 130
436 774 612
787 374 278
606 523 531
535 226 672
363 741 662
451 357 578
614 90 248
34 108 483
691 542 779
629 785 395
93 659 606
744 609 270
666 165 744
570 609 297
305 617 678
9 284 136
730 544 105
448 51 262
118 332 499
662 135 467
58 371 639
85 777 527
368 445 513
399 608 161
391 512 115
424 628 787
438 281 712
100 631 345
664 738 286
694 361 587
256 617 257
608 38 423
754 557 479
756 646 284
509 625 283
200 749 624
673 116 554
90 646 363
9 188 599
796 187 500
313 797 776
343 793 357
22 93 654
693 571 313
149 253 331
134 102 772
484 162 76
734 30 47
690 19 94
347 128 260
82 422 330
330 144 39
310 347 40
528 366 554
172 130 526
628 613 359
577 11 91
280 621 291
577 644 372
551 548 300
661 690 513
52 320 458
234 423 516
99 501 204
792 48 567
782 388 577
645 548 250
652 352 622
147 750 757
493 736 474
5 376 325
450 487 61
331 578 762
337 610 224
605 53 509
104 474 243
718 473 748
593 573 770
571 323 667
402 321 252
299 167 624
502 131 357
663 577 148
687 300 331
703 137 386
283 607 406
695 728 754
444 768 301
15 357 488
102 700 463
744 338 793
501 69 746
759 744 347
553 694 67
683 68 650
762 547 602
153 526 186
542 463 737
364 459 355
105 793 560
590 689 368
450 326 79
453 462 333
313 271 531
35 164 432
713 668 240
102 634 629
451 316 525
14 675 291
110 390 387
636 676 38
781 138 92
323 658 718
34 387 792
786 19 773
475 360 328
571 231 611
538 195 519
536 292 255
208 696 416
234 443 146
495 621 389
738 83 683
790 389 419
54 596 257
652 56 229
585 669 787
427 221 229
127 752 636
279 194 76
401 732 215
159 738 30
528 123 735
288 731 51
339 497 31
678 35 774
569 264 150
576 391 457
700 395 280
386 13 793
265 563 391
477 778 448
31 750 675
356 514 728
361 266 552
210 362 192
61 593 146
314 28 772
124 393 282
524 330 1
332 449 213
455 306 397
192 635 558
80 637 237
13 506 595
554 490 708
12 346 247
362 758 489
740 58 25
659 297 313
431 655 388
419 366 197
727 40 437
38 284 491
372 92 665
124 329 551
450 695 638
461 464 341
126 560 172
500 452 536
19 495 461
22 775 75
708 450 65
223 517 546
113 398 546
33 341 798
486 643 734
172 172 627
732 173 312
235 377 35
113 72 493
657 274 711
742 32 161
48 446 104
358 610 405
454 662 367
477 789 366
3 208 381
193 561 12
47 526 448
199 453 684
581 584 457
154 411 62
595 54 555
206 49 105
616 89 441
581 600 621
711 596 414
664 753 701
263 782 472
526 35 81
403 445 563
410 246 659
614 289 407
603 621 172
701 424 473
777 370 652
248 370 256
682 712 188
50 698 75
242 646 215
619 680 582
96 602 178
288 280 353
629 85 789
143 555 654
607 589 675
171 436 638
703 711 761
209 320 105
560 133 88
225 245 495
82 328 787
472 27 177
487 529 399
468 27 614
438 719 70
661 697 389
31 522 728
484 348 729
617 177 611
32 508 489
418 704 9
17 748 452
64 58 578
448 89 266
46 90 662
391 49 252
382 681 797
678 212 414
489 43 621
287 705 275
769 119 686
125 238 456
106 423 603
446 736 149
228 300 566
340 516 125
708 370 399
107 689 721
724 497 513
690 414 765
795 736 5
759 750 346
415 84 315
784 204 648
473 537 445
745 769 605
224 600 40
459 469 25
173 110 573
5 581 625
589 396 116
115 601 792
664 357 463
354 587 354
308 581 486
519 337 180
183 356 434
592 160 373
675 787 354
150 344 200
436 38 9
363 550 391
592 506 34
224 401 140
108 81 478
386 704 728
525 428 547
650 308 641
212 161 572
235 509 605
638 64 757
391 172 390
615 288 638
260 617 175
352 722 471
544 239 259
143 263 724
403 694 87
606 524 670
51 106 390
605 505 11
207 707 451
173 690 33
122 22 461
328 680 759
588 300 471
311 459 150
18 402 553
428 567 579
119 637 626
722 752 27
745 309 594
486 520 668
109 502 466
35 131 232
337 402 26
472 236 53
735 661 609
444 306 593
448 656 480
145 16 284
593 502 504
210 65 77
469 41 66
285 202 362
472 552 346
202 313 750
766 695 744
649 518 218
511 157 701
528 304 255
67 178 649
433 242 162
46 602 366
358 704 170
382 476 641
68 401 43
718 603 259
785 668 375
13 433 489
676 73 642
599 162 735
636 220 614
113 317 479
273 513 739
432 58 281
421 120 514
363 581 493
233 676 618
437 635 485
611 72 587
32 688 759
94 264 243
58 561 167
275 736 138
76 518 466
532 56 203
478 782 550
459 267 202
61 481 744
618 781 739
248 68 336
684 427 410
362 453 663
638 763 617
740 436 715
207 778 636
403 175 149
127 612 120
438 456 237
687 270 751
137 741 9
519 386 668
768 104 392
698 786 382
773 650 683
345 22 256
240 650 16
30 598 756
219 216 576
355 324 217
299 152 502
140 591 244
781 584 340
303 549 110
112 228 787
337 148 335
344 23 166
264 440 387
691 244 736
230 607 493
38 354 740
680 283 315
324 714 278
373 757 772
444 222 557
237 123 42
624 719 222
130 59 157
729 580 63
119 714 482
615 726 799
524 349 786
266 573 71
259 144 256
568 611 285
693 570 619
433 464 233
400 422 230
754 570 308
642 289 276
365 344 34
3 643 736
339 767 151
8 76 726
721 429 518
756 659 16
21 62 710
379 641 627
566 173 565
83 423 301
653 770 646
656 241 378
524 217 211
211 89 361
206 770 576
148 224 284
114 428 492
652 496 174
586 141 761
562 426 190
201 561 521
622 142 736
154 55 421
250 166 450
7 291 398
522 661 213
637 105 142
231 184 208
88 789 789
130 241 324
438 477 109
696 303 13
147 394 23
196 449 17
529 13 743
231 504 65
672 66 324
473 759 698
198 798 143
455 282 576
183 67 611
395 8 235
230 290 347
548 627 758
563 629 566
675 582 257
333 511 400
670 720 282
293 393 637
672 690 430
120 9 354
48 215 438
611 349 118
167 301 32
270 515 466
574 702 108
779 546 693
478 493 404
416 563 155
77 103 785
334 536 104
255 738 731
513 317 343
642 142 124
323 613 768
484 516 150
147 731 100
444 646 765
215 745 14
194 231 625
180 321 461
504 503 190
164 358 519
535 390 142
204 605 167
207 55 349
431 501 305
363 748 127
540 428 195
164 4 591
60 344 542
422 50 704
768 88 741
705 132 168
367 81 299
428 302 684
164 689 600
460 406 670
100 62 462
251 591 206
433 215 218
476 640 112
276 692 57
570 495 251
285 433 566
489 290 173
202 691 235
605 387 785
514 620 232
676 478 32
246 583 771
472 695 521
797 422 518
340 350 163
592 332 90
471 418 186
675 193 25
656 102 344
639 600 755
531 59 615
282 47 44
65 786 610
286 143 305
720 169 377
172 241 774
319 581 519
347 159 358
410 92 10
87 122 793
428 732 723
463 8 633
336 63 758
8 27 162
487 516 32
636 731 508
580 596 167
659 485 629
761 212 319
573 191 198
755 183 631
748 368 24
729 211 172
140 608 600
762 460 94
142 168 356
663 531 711
48 785 437
326 449 696
459 783 569
667 321 482
347 55 20
542 554 465
647 140 623
472 33 606
265 609 343
251 396 707
711 669 396
603 782 624
357 203 632
442 590 743
616 791 333
457 701 275
30 575 583
410 131 221
744 795 185
699 427 242
662 9 542
340 408 325
666 161 127
450 547 306
443 775 513
446 209 753
107 799 122
554 303 20
703 616 22
315 341 566
142 663 310
261 459 618
791 701 302
91 10 720
673 560 507
385 300 110
767 252 723
406 328 695
187 339 368
607 57 1
147 254 569
126 745 246
757 751 22
488 493 323
595 599 300
765 23 74
525 772 231
491 433 690
307 159 151
755 290 415
629 436 686
571 421 256
38 171 713
697 770 211
580 93 465
764 708 256
367 632 788
777 765 83
535 207 10
29 91 147
135 22 767
60 103 199
533 419 320
607 301 468
548 528 578
337 454 774
542 345 541
358 336 246
777 143 362
316 9 177
531 156 19
257 619 658
376 203 558
647 205 29
515 485 127
794 330 673
103 255 175
322 50 467
452 102 233
337 100 38
433 331 265
665 270 90
325 274 704
749 664 765
185 550 691
529 175 225
442 572 716
287 676 54
383 306 658
499 553 713
608 700 101
534 601 279
586 512 682
699 690 421
226 513 239
265 19 491
490 56 235
735 623 198
592 386 300
765 707 248
728 545 243
394 646 209
210 191 191
633 20 783
519 522 718
676 44 185
70 522 231
311 687 669
230 149 102
546 108 696
373 440 25
566 668 618
460 619 561
265 586 362
66 330 543
1 16 409
181 174 309
584 749 762
378 465 78
719 596 539
547 719 251
273 88 609
83 338 14
337 379 109
519 99 14
198 261 155
481 359 338
693 223 203
620 495 432
367 702 302
443 552 273
42 346 278
51 645 236
624 195 501
676 353 727
622 397 202
703 751 464
397 123 735
31 15 478
71 65 557
289 685 557
555 735 665
476 144 644
422 51 718
40 685 407
121 108 777
756 416 611
335 395 736
64 762 10
321 43 688
325 324 529
44 572 99
65 607 58
743 501 102
636 671 263
558 304 312
62 167 710
271 22 744
278 68 422
245 12 639
158 353 45
642 678 527
8 719 747
107 505 763
662 299 118
200 593 147
529 669 263
435 422 256
46 624 585
277 199 201
784 249 220
630 777 546
615 48 438
536 715 41
625 720 486
718 645 139
502 301 117
263 207 358
470 621 454
339 157 172
337 333 689
549 607 20
745 109 93
268 666 254
624 539 210
798 156 596
421 86 138
157 613 561
172 733 321
276 658 683
685 614 732
369 622 402
520 310 186
411 603 391
88 563 135
593 631 465
183 135 315
257 653 399
329 706 774
665 195 692
91 203 222
238 641 796
333 491 3
347 490 528
227 747 664
540 797 275
39 703 316
543 287 339
747 325 778
194 326 456
736 403 388
696 459 180
85 603 544
666 584 394
355 293 694
182 292 250
333 745 746
34 252 272
3 135 586
706 524 144
392 693 485
104 574 142
637 201 656
17 472 697
505 299 123
82 246 45
770 345 712
472 39 342
535 259 457
417 341 455
423 779 346
736 742 753
441 198 428
619 133 239
344 422 551
253 727 786
280 378 772
