1194 98
739 1417
41 194
1123 880
359 1262
760 199
820 271
156 1135
1228 408
225 1143
191 1295
309 173
1421 1563
1007 163
1398 225
375 586
1042 1565
355 1538
844 1018
1162 423
114 672
150 493
1077 702
593 177
696 307
424 1241
1246 268
668 592
928 242
477 1321
452 126
278 719
664 1540
961 1407
272 1000
1005 1197
341 1138
689 1020
1100 1186
670 589
762 1198
1511 139
174 667
987 168
626 723
1432 1513
1126 607
78 960
273 1342
1316 890
538 1509
200 1255
1296 384
1333 757
525 570
658 1587
85 723
514 411
843 308
637 594
939 128
351 360
1142 995
323 753
1232 3
1031 255
1237 992
263 223
660 229
22 374
453 678
935 163
644 28
1593 1045
702 1306
59 1366
338 1128
1423 1235
734 76
25 1203
898 364
436 1092
1440 725
1391 667
1276 796
39 861
848 163
401 1354
1181 478
116 171
1064 35
881 1369
75 1547
722 503
239 1333
76 1156
656 1185
844 1248
583 1363
1176 277
91 1510
782 957
1519 1559
93 134
635 750
710 1380
206 1470
36 844
1323 361
1161 1132
1286 1011
659 76
1560 840
418 1347
1348 1493
117 442
1490 900
127 1370
315 1132
793 474
386 740
534 1261
1244 348
268 568
1119 899
665 1130
388 562
664 1315
373 1419
30 519
165 1386
1133 823
642 1596
385 1413
1307 1530
1050 1231
488 1059
140 1317
1238 1112
254 1433
1496 50
1526 1567
526 295
700 1401
404 433
1525 524
488 748
1485 735
833 1341
275 823
983 839
392 20
1114 1342
338 1100
1465 1465
1113 1219
1429 254
978 604
741 1430
114 505
349 512
1594 685
895 68
1081 919
809 382
81 387
435 1228
1334 685
1194 541
1059 1332
522 326
523 1372
370 1117
1349 716
524 553
797 520
1128 308
427 1208
1170 776
1595 922
113 1277
820 1376
349 408
601 389
651 833
619 1036
604 1372
31 1383
586 1002
1436 324
1400 460
207 339
330 198
1181 511
795 991
1179 69
24 1096
607 567
1189 1076
1534 1076
1442 719
186 1457
1400 999
1570 1559
303 635
1061 214
924 615
776 1130
1439 382
247 951
1038 1272
777 445
98 22
1014 66
596 1574
1311 558
998 1326
637 795
781 671
1178 1406
42 706
1238 772
1467 798
529 817
1091 989
310 551
1044 1172
1241 668
1503 752
1040 1540
768 1335
956 1585
461 309
1431 527
687 465
701 1598
1357 1469
1541 1204
202 359
93 149
697 975
1415 1123
720 987
845 1268
1166 300
1070 845
252 337
1354 528
524 549
1468 933
616 1033
714 1563
1176 1149
1060 768
298 1065
517 1181
891 626
434 800
828 708
1196 860
703 1395
844 644
535 552
1270 447
871 63
354 229
1115 1146
237 650
939 1134
1371 395
105 760
1480 1352
1165 1259
522 1357
273 975
750 724
1360 292
1015 1042
229 1403
554 575
14 1495
62 484
1270 448
42 1313
139 387
300 1516
348 207
1511 759
1512 525
189 1545
192 1225
1527 182
960 558
320 211
866 411
565 591
335 1226
601 1156
1390 1009
1573 1482
1456 1438
482 499
509 745
200 233
1263 909
360 408
441 1446
226 367
831 90
1137 210
281 646
175 501
722 1272
881 1012
1302 1274
1460 146
305 794
732 1057
425 742
809 1416
1522 1031
639 1016
1288 1130
532 413
353 903
1056 422
803 983
193 905
809 784
1568 457
637 16
829 122
363 536
604 1493
668 440
492 844
15 151
778 191
698 219
240 419
1490 143
838 971
249 1148
170 484
818 754
362 1060
1117 686
619 35
721 1118
558 1514
141 814
106 411
716 1466
932 1031
27 461
1163 31
941 678
1579 156
903 775
422 272
192 1110
445 681
1249 169
495 1098
1013 978
919 1464
461 1219
24 655
1498 1415
733 242
504 762
247 620
263 1309
681 272
1315 455
1235 330
1440 1426
158 199
1012 328
1361 1484
561 1328
1251 348
1155 643
1152 834
1367 180
347 1454
127 936
286 1456
423 165
1004 1039
1284 1583
888 28
1573 419
659 1034
545 764
281 704
1109 165
109 658
44 956
1541 998
99 1383
340 161
548 1056
234 1084
1531 107
1242 1431
850 221
458 318
1543 645
1190 1479
834 1560
180 1181
369 1063
13 803
432 969
1402 1268
1481 998
343 1037
1563 1206
323 703
1383 128
1081 297
1281 538
1040 11
86 812
1138 1423
8 42
771 634
352 1587
5 731
1099 476
520 1516
954 640
1315 467
804 33
1173 1541
794 1559
363 592
64 1466
1362 454
751 1275
901 1081
1220 715
1062 845
113 1284
1416 1560
1086 1510
865 1434
843 476
211 1474
222 99
108 1033
1341 267
251 1201
691 1356
596 1007
153 337
1551 114
145 34
672 843
90 488
1236 801
87 399
12 1018
407 522
1036 244
180 830
670 594
305 54
1593 368
454 1422
1568 1320
601 551
101 363
59 338
1543 77
436 1121
265 785
834 1008
948 1440
667 746
723 253
344 1474
134 999
403 864
489 1121
1026 1595
1584 807
743 1025
1162 971
134 216
461 392
1370 1500
486 1493
692 1198
1496 1526
55 1568
985 1192
965 1243
1417 1360
733 182
248 1098
259 1579
1233 124
1002 1320
217 312
128 1246
1158 409
704 1130
1230 180
1243 477
118 1033
47 1565
1384 1099
1378 1474
1401 102
910 1235
1359 375
364 696
805 1448
1415 952
876 1515
671 757
1237 1497
1390 1109
536 997
678 46
535 1125
2 371
799 480
483 173
439 1133
807 795
1453 91
507 1341
305 1149
1476 895
547 795
755 973
283 1357
256 133
116 1029
983 58
740 449
406 373
880 434
835 1369
1073 1232
691 1380
466 1477
994 37
1469 472
372 680
496 173
425 969
373 787
1145 492
1118 710
1134 462
14 1213
105 823
322 1188
338 871
746 220
166 1454
1400 481
1463 1275
575 606
818 702
309 1408
662 221
596 1269
1255 76
295 255
277 663
1534 1261
348 332
725 1017
329 1211
919 332
710 433
296 393
1071 1382
857 1369
505 115
764 322
482 956
1561 1341
278 773
963 1288
1326 1165
998 952
1226 1372
57 371
1268 1402
583 1201
612 879
590 873
684 1558
1322 279
1533 1535
688 726
816 1309
720 1375
337 1275
370 865
546 831
1225 832
108 783
919 1
433 1483
1370 33
1515 1509
678 181
665 537
362 33
1053 148
621 1545
803 68
869 751
1529 1475
1454 301
1546 927
1581 1316
83 1467
10 1091
1196 1080
277 177
955 196
1086 996
664 430
1368 380
1500 402
487 351
879 227
1475 237
1061 870
1015 1599
866 1576
588 1162
1197 497
390 979
329 1548
367 911
1295 563
827 650
1406 188
1145 4
443 1114
849 481
1465 143
1582 1561
791 564
672 1077
1165 215
537 1146
96 11
145 484
1276 529
1093 414
1470 1392
569 951
486 641
1125 395
12 174
1379 967
459 1079
1529 997
763 868
632 987
813 35
1303 141
1259 918
649 436
657 1299
208 741
322 826
1395 808
1345 361
1381 528
746 1237
1323 1267
719 766
262 927
1151 902
250 754
1478 1245
964 1191
1443 204
831 200
746 125
879 402
340 964
776 462
273 1504
1444 1538
628 38
358 1585
359 142
1047 1032
1397 200
596 1390
116 718
5 394
118 1422
1438 1400
1564 1210
2 138
602 68
123 1308
990 70
1513 600
925 1480
1463 402
1032 914
1587 1059
1348 701
1019 732
558 39
1140 169
707 5
97 853
1373 52
916 1097
1309 1163
1560 1325
838 546
871 1199
1227 347
1383 397
627 306
538 802
1196 1166
909 257
1502 1161
1527 539
1025 959
1180 1488
757 786
917 214
730 241
287 503
1368 564
1498 1414
1286 797
686 382
748 609
1214 475
219 1565
262 1119
903 859
1374 407
121 173
473 1277
713 347
1572 380
535 454
1337 262
133 1550
888 191
55 1068
1433 421
209 1532
1312 1494
713 1490
646 569
756 1574
161 829
713 1309
630 161
1146 212
233 226
338 1129
1551 91
470 579
1258 818
1525 981
446 960
124 961
617 1250
1144 548
162 1584
1091 273
1249 696
828 1117
1448 971
1351 956
1148 296
633 1557
735 963
896 219
1569 405
173 235
559 756
1392 900
1123 1083
876 766
9 496
759 92
898 807
244 727
125 1167
905 404
1383 24
1339 404
422 1170
896 1189
1134 559
385 315
1496 1595
992 1029
1143 266
511 1395
250 610
223 1595
79 344
924 1353
1520 952
956 180
1129 1510
732 303
1443 544
709 210
432 858
1111 392
726 629
1464 655
1024 1573
1035 509
774 640
1545 822
686 153
1459 397
30 603
1112 1458
19 903
1188 67
287 286
1517 1053
728 734
95 23
1132 696
5 1061
1262 1262
150 204
1060 1133
779 541
554 18
1508 746
239 1400
1529 1121
237 963
921 80
265 1592
1239 396
881 143
117 653
1471 249
353 262
1015 251
216 1004
342 92
1553 1099
72 1137
232 1279
1193 551
604 1102
442 54
523 106
675 1481
315 1268
962 644
1231 1117
43 1279
1082 950
216 1286
590 1461
1373 205
265 1274
1195 1000
1537 565
263 915
1057 543
1274 708
301 685
766 219
1495 1310
1464 477
1405 1543
349 50
285 1252
490 134
1565 1358
191 474
469 1128
460 1466
513 964
598 337
426 1142
71 1010
1217 140
901 1146
435 619
1321 1237
760 1252
1161 613
667 281
67 1141
711 507
275 1036
464 457
1598 1237
671 331
1405 563
1154 111
382 771
1430 1574
924 1306
675 401
1118 555
1407 257
1383 1545
632 879
294 1224
807 1152
1519 396
483 842
1353 1536
1183 116
1403 577
281 1118
1080 103
1232 1074
519 71
238 424
308 1166
1290 1170
515 670
172 1582
1350 1437
589 1173
795 1047
683 103
1291 987
524 1066
1090 1523
324 48
282 1597
385 313
1579 162
1013 73
1221 1196
1221 300
1117 182
759 161
1564 1355
285 484
908 1102
1136 1546
814 484
504 929
603 832
1378 1546
1254 105
663 347
1369 1088
948 1392
688 832
1123 1554
475 976
830 776
325 244
1151 1437
768 718
611 1222
177 473
1115 549
1191 1146
1597 780
1133 104
795 624
487 963
1036 1346
1243 1397
1464 343
262 579
1279 732
1391 242
618 25
356 923
572 1171
702 229
566 773
671 451
1287 778
837 1484
1393 1579
31 336
1504 467
347 37
303 1477
605 1065
146 27
618 334
621 1476
1277 1242
1559 678
588 729
521 1354
494 196
993 1392
979 123
706 1240
761 13
8 703
794 781
321 674
948 1390
501 101
1257 331
349 1067
1339 924
1584 721
732 1532
541 248
411 1025
1586 1442
1382 56
342 226
1068 892
1410 478
732 435
265 54
1314 1319
1140 1391
881 441
572 512
706 569
1316 829
1336 1255
920 1316
1537 504
1558 1272
995 459
223 752
132 984
782 1336
73 444
1189 45
774 947
474 1287
1093 1251
393 773
463 954
72 1125
524 47
1128 29
212 839
1107 899
1402 625
313 1226
1486 839
383 595
908 1579
288 1284
1105 629
810 473
40 903
775 61
1586 661
200 1585
1358 864
246 1565
1467 1016
227 166
1143 537
1162 858
988 1375
1452 400
322 610
1139 521
1259 1307
249 85
1327 667
490 229
1102 500
679 86
50 1556
1008 918
891 517
394 890
22 247
47 1453
775 503
1202 1171
1205 178
342 1313
225 437
969 863
936 1318
450 786
1452 340
701 456
174 132
1437 189
488 250
262 1421
621 1250
302 19
1235 1354
1400 261
1072 1477
156 1135
290 1110
319 1101
135 1519
453 1289
1059 1132
459 131
83 440
1290 697
947 675
1345 1186
620 266
270 962
1365 109
1364 598
471 534
740 1273
1111 789
1502 1399
1189 1389
1115 949
1287 938
739 600
1525 647
889 275
706 334
1312 845
1506 1011
230 1498
1139 1416
947 548
598 874
792 1133
572 1224
673 214
286 86
1417 232
1011 956
1310 662
1052 1311
366 573
212 1170
472 1239
90 776
145 1444
1071 629
729 155
1315 1006
188 936
849 1187
16 1011
38 178
1438 1256
1175 748
1310 1273
1038 1062
899 362
188 1465
660 1147
1216 1402
995 624
579 25
1003 1400
1161 1498
1417 26
479 795
445 619
2 1223
695 603
161 265
38 1204
290 674
1553 433
297 354
1336 233
482 1462
121 1472
1547 1433
1169 854
967 1252
231 366
1217 1436
1084 374
393 149
84 110
749 672
1337 1085
1063 1143
1319 896
1405 1158
868 796
949 28
1358 830
1095 867
1118 323
1467 580
669 841
906 1299
764 79
1396 23
1018 474
1485 782
795 1460
479 568
1552 488
247 714
1416 329
1457 856
1582 1353
736 1142
1424 301
1318 1481
110 1563
1137 896
1504 351
1286 30
167 58
1243 274
520 1240
1531 1020
809 1070
486 1493
1432 463
1339 958
42 909
1543 906
731 226
310 321
302 569
915 991
1207 575
1334 255
594 484
988 123
338 1353
508 1424
1291 1329
185 135
1340 322
735 383
100 1579
1316 70
1544 730
1378 103
1207 523
323 927
1143 453
1525 453
899 1444
1141 226
582 795
401 435
1281 483
464 368
33 1474
1304 1185
177 1462
140 825
419 1487
225 749
38 1416
1386 554
1044 357
1474 826
753 695
946 632
476 1082
719 1310
781 775
168 740
1351 486
944 412
1081 1275
1553 1080
947 1070
922 976
297 76
1335 949
988 482
136 6
442 862
1427 1562
129 1503
507 1193
1153 784
529 344
183 1066
98 1071
957 152
1313 1079
1549 395
1537 570
416 1255
670 751
491 393
723 1421
800 640
761 643
1318 1170
155 1583
359 321
633 144
944 1026
474 1110
219 1448
554 835
1262 182
940 1463
395 345
427 881
1195 583
17 884
356 797
1235 127
687 1470
414 17
1397 928
1279 1501
1276 426
957 395
488 1344
156 1148
1128 397
1217 1214
841 70
1436 74
360 1218
484 160
863 973
613 123
925 916
213 1338
344 388
1250 304
127 528
323 86
740 242
308 243
1184 114
888 1278
810 392
794 399
744 1294
389 145
448 83
1499 222
1563 1599
1266 585
390 418
369 687
1443 1547
353 809
236 169
472 385
1051 955
1320 1288
839 13
1521 393
106 1385
309 843
1541 319
304 1524
1360 41
295 1457
683 377
1368 368
661 807
1348 1242
262 980
1345 512
922 1352
738 132
1593 1470
229 1381
283 398
446 145
25 350
604 1064
1091 843
834 1597
1564 963
955 364
394 882
1242 283
1475 161
828 462
1352 793
1444 625
1299 649
782 1407
683 718
1543 1002
362 125
1310 1036
339 341
1454 664
606 317
471 725
919 560
1517 1229
35 1024
1583 796
249 1271
1427 190
1588 672
1165 761
179 968
1401 1403
743 1272
1232 826
1079 1054
368 811
256 122
956 1460
672 585
716 357
145 517
1405 1428
1456 1144
780 1131
932 610
1544 1498
988 355
1385 753
1021 1507
838 632
476 937
448 1166
1470 910
219 659
331 214
1157 1490
1394 1417
1578 649
1350 579
510 516
1281 579
1532 975
172 223
544 246
1455 624
1220 693
63 633
243 701
957 958
1492 1023
906 566
50 589
894 940
1245 953
1424 1006
157 1243
710 842
1052 171
715 1204
1323 444
243 506
264 919
939 1523
1386 1513
14 392
107 790
633 377
205 1113
616 535
171 869
479 171
604 1127
849 1312
3 1215
622 772
1281 853
1064 721
402 911
955 981
417 1302
964 886
945 1063
255 145
352 1009
732 93
303 1579
10 387
894 1569
328 1455
1518 513
2 791
1197 1502
220 930
790 392
300 820
185 643
802 970
1111 734
720 287
254 880
1356 540
1340 1155
399 1181
244 639
1412 586
1241 1475
559 1070
794 115
1370 480
1062 34
1095 150
872 1064
1227 1323
197 1411
1262 1290
1417 1365
1479 446
1494 374
703 357
455 946
1045 176
976 441
682 1310
1243 890
274 12
697 1080
978 1421
1007 329
1484 883
1338 1546
1095 1063
211 918
1511 1024
256 953
441 231
731 320
1483 152
360 206
533 263
86 1277
324 259
385 578
1497 886
473 902
1203 1339
1489 561
1502 683
575 378
1418 330
1551 973
184 1497
890 486
540 395
125 1547
1135 75
942 1551
1294 1252
588 1398
897 243
725 1235
438 845
1277 174
321 954
1539 1549
863 667
1320 307
947 675
181 139
1417 1049
961 1557
664 1441
1230 394
1272 317
506 269
107 1090
608 240
103 907
872 1325
1235 955
1136 1382
1342 384
1067 41
773 754
1293 1224
556 18
1183 359
736 763
1075 462
600 77
641 195
1131 1378
562 564
1217 898
1047 1505
1065 191
714 941
727 479
1029 707
1326 1457
376 1213
1461 463
1193 240
296 488
1425 1573
1412 855
960 892
1040 261
846 1069
1341 951
1447 482
1452 1146
51 388
1004 404
146 907
479 1082
1447 177
155 1114
343 376
1105 674
968 679
1178 1477
1059 806
757 144
144 905
1011 463
848 22
155 1033
869 754
408 657
1212 1142
1300 358
813 266
1404 1364
598 1561
837 529
1440 237
1038 473
731 1144
1445 1143
984 792
988 198
1026 825
329 1549
1150 1320
369 995
454 33
648 298
677 783
167 372
1008 132
958 373
544 992
144 873
923 700
1301 730
1151 1488
1485 1586
1414 1444
1024 1423
1046 594
45 629
1485 550
555 446
757 65
228 1363
562 1489
621 783
1263 1555
1594 1016
306 682
743 186
1498 1076
219 28
575 817
870 567
1199 878
863 425
874 644
819 732
1497 956
1238 339
1456 435
555 546
774 1573
1181 150
235 335
1595 253
1365 630
436 992
1258 1187
566 1431
1449 460
262 709
1306 265
1590 523
1285 685
556 764
1562 292
951 1412
560 513
523 1226
518 972
283 385
791 701
163 1321
1467 236
968 1153
1551 577
224 1065
1149 794
1566 1274
463 339
283 1481
84 428
1353 445
925 29
1402 1314
375 799
619 1
1524 1385
1038 1332
325 1204
1581 111
689 1598
221 542
417 69
1372 1581
943 347
304 1007
424 191
948 372
712 348
514 1591
1403 1341
1391 135
444 1209
1555 1315
1133 1024
1046 1270
590 1202
149 1447
734 609
956 629
1421 1148
1330 631
652 28
854 1139
612 243
591 149
1346 1469
355 688
966 1198
299 38
442 1242
1228 344
1037 949
469 758
898 642
578 448
991 1076
332 1523
363 1415
407 1460
478 606
1156 1194
1049 1427
220 1280
866 1359
1185 45
1507 146
510 335
586 461
1147 1113
847 1534
593 561
1558 1027
781 632
1544 783
255 769
245 434
853 652
629 857
639 902
1284 752
1502 563
965 1289
274 893
875 1595
990 1421
1218 1212
50 1037
1055 1545
890 1385
241 1444
1040 1569
1236 1192
188 965
838 428
199 1165
146 1170
1147 400
1483 25
598 868
144 227
589 661
119 792
471 1145
1453 295
1450 795
1014 321
897 990
1483 403
1469 696
27 659
407 356
374 16
1065 1244
835 824
1141 1254
1542 817
854 481
1484 405
446 2
1178 1132
1271 954
1411 665
1333 333
1037 15
1145 530
1107 1149
482 684
900 1175
490 172
558 1406
833 549
1051 996
356 201
1443 225
221 822
724 1194
1020 145
830 1195
721 627
1282 782
145 75
1319 205
545 1536
884 699
981 143
622 1267
1163 101
1389 537
1065 216
688 294
287 1178
667 762
1060 332
175 15
989 178
1452 242
214 1462
1592 1261
404 1128
1123 73
1266 105
887 1001
270 261
733 1132
90 997
1227 748
367 1241
80 747
1291 671
331 542
309 522
344 688
657 553
311 514
345 154
1068 699
477 1497
1376 432
230 138
1026 174
1015 891
361 849
408 1241
146 562
1385 1008
1022 237
583 1575
29 1548
276 931
279 542
723 1039
1037 372
187 747
1332 337
346 943
697 921
44 726
1038 2
368 914
171 1200
1431 980
77 526
938 387
368 166
1307 1114
82 337
347 1194
30 1352
455 1374
284 1372
439 151
570 689
1331 807
223 790
408 954
402 711
1367 1116
1090 1129
1211 1489
330 966
963 1349
253 129
74 1060
343 1246
1062 895
1110 205
1332 441
584 216
732 1522
58 1196
1475 66
438 1275
825 1141
693 1188
1036 451
1299 1044
970 1216
236 212
394 1366
1379 282
1550 519
706 433
947 1456
100 642
329 1144
229 33
1500 414
1242 686
966 277
210 792
938 1425
1195 134
1506 829
550 172
1020 780
269 983
62 853
245 1515
383 1552
222 889
980 430
329 1165
1579 680
1161 221
324 1140
127 1301
620 1509
183 1386
344 837
553 111
879 356
878 250
578 1202
1440 900
817 1550
104 234
55 1220
1023 543
1364 707
336 120
638 1250
1353 1280
850 1084
386 1348
385 1227
1407 678
101 389
824 1033
1359 873
17 1346
784 886
71 1285
774 648
809 818
1257 156
715 261
298 926
491 816
955 179
1207 1134
1 526
1439 293
801 869
1291 409
1382 873
365 1053
271 562
329 562
1146 133
1187 781
191 755
71 1240
979 389
1489 1452
1505 9
1434 411
1374 198
1509 770
281 726
1242 460
781 1213
213 189
405 102
78 267
912 388
1018 1181
227 952
811 1045
284 464
520 113
1003 141
161 1364
37 1451
1173 550
606 689
37 347
86 208
1286 1412
339 1298
231 1265
875 17
890 1357
336 567
1596 132
779 483
31 1024
978 834
1294 283
404 840
45 1124
1003 131
439 1589
1459 581
1175 1203
947 1166
123 1264
1051 919
1485 1059
195 1040
553 500
236 1383
816 849
270 997
876 333
1319 658
1160 1061
244 724
837 942
742 1560
1595 788
908 1296
1027 1382
799 1288
739 1080
1169 1288
483 374
1468 1213
881 1409
918 1339
392 732
1194 549
348 33
1036 890
655 1265
683 987
1054 1464
1197 3
469 332
962 218
1007 1077
1308 354
85 477
174 630
1101 414
56 1518
1285 730
343 705
1581 41
415 254
1366 410
585 1012
714 333
375 877
1342 193
11 1098
628 1003
327 453
1562 1103
371 802
91 181
1391 896
1475 783
522 668
755 644
1327 1291
1510 1288
743 1397
1055 816
1473 939
618 1390
175 1022
289 1332
201 836
1041 1202
1437 113
665 773
1506 1289
267 928
72 129
242 986
623 185
103 1554
878 1221
543 1192
91 1588
862 1272
1190 1382
189 482
1354 30
184 1051
1551 859
703 1513
537 521
466 1166
656 134
1455 619
1446 471
454 1277
585 976
1089 1116
76 759
1350 1082
831 1276
801 645
848 94
600 532
1531 356
416 1322
467 768
1294 631
1596 1482
1020 733
423 1495
1577 1419
164 275
1117 552
819 1462
781 540
653 906
841 1215
567 74
264 1005
1071 35
405 1036
614 1320
1305 372
1018 332
133 979
845 65
1212 1113
263 744
226 691
939 1550
387 816
933 583
425 610
1413 1046
1525 1193
181 549
132 1338
1522 1325
92 125
581 194
1524 1499
669 492
826 136
315 1335
1052 489
777 1458
1053 1509
803 124
1440 103
1091 379
331 1449
1027 472
1576 1082
1250 1345
407 295
1025 342
426 554
97 1057
1439 189
581 420
339 1581
480 1160
829 1223
394 257
306 43
299 774
1426 442
574 198
509 823
57 505
1076 1127
1309 609
1532 542
1570 52
1435 173
1383 1494
1194 821
93 718
842 142
176 1220
334 1289
1316 526
383 223
1215 1448
544 338
695 442
1508 688
1346 192
1170 35
555 634
1170 1463
1151 79
160 796
48 1237
413 1405
690 167
500 632
597 169
1200 510
1019 771
413 1359
1098 65
215 1239
345 48
253 599
736 78
1595 788
1253 1420
272 1560
452 1413
570 90
1095 164
603 1021
950 1529
730 1361
368 1037
825 1095
270 297
118 13
347 902
54 1223
799 228
65 1106
40 196
526 760
776 888
1561 1380
1305 394
429 1390
138 783
685 1453
992 952
529 560
1370 1232
1469 1192
569 49
1564 1146
827 747
952 479
85 610
143 559
1546 797
770 751
1323 1157
916 1288
659 1095
853 1554
614 948
782 499
813 1289
1563 1086
140 1345
463 1481
1084 772
1063 552
1417 101
31 565
31 1524
630 1338
986 1275
922 1101
742 84
711 405
784 1491
610 915
144 1554
1250 902
1239 23
74 844
1206 961
1051 1028
1569 636
1449 759
727 851
935 1319
104 689
783 1081
129 63
1442 592
722 183
472 998
736 943
650 731
1439 1483
735 980
1391 1148
1232 948
809 1222
275 19
658 512
1158 888
593 261
1477 773
1468 1098
348 424
1154 454
1526 1045
481 1344
65 316
838 503
762 1588
788 1595
995 361
1380 399
863 1445
654 341
1564 33
1020 378
997 438
906 859
60 613
555 1479
494 1595
470 376
1299 231
6 831
1008 352
1082 1439
219 806
745 745
1514 495
1042 825
1522 1509
1141 1552
702 1284
1466 1266
557 146
1380 1267
921 1348
892 534
1366 261
1518 1592
235 1360
889 750
1086 1387
1218 978
1137 696
942 1258
1420 1422
440 627
891 1291
1252 1148
1178 561
716 170
843 298
516 1146
1008 1373
699 93
469 1539
141 1376
697 50
811 1255
1511 985
1146 1490
181 999
263 169
1564 1038
1223 488
1438 1029
507 1576
52 54
1383 323
806 100
758 1415
1572 1475
76 201
82 58
465 877
356 1027
1016 879
1173 1165
1566 676
386 327
594 281
640 227
602 224
1356 1368
1096 508
895 905
1128 1225
1004 645
429 389
818 867
496 1189
787 546
568 842
928 725
1448 1180
649 12
616 1177
1086 212
194 1290
1048 466
1506 30
1081 174
609 968
383 1036
219 644
443 609
630 881
386 649
1360 1409
652 1334
1290 245
440 1023
771 944
500 1103
1252 1502
566 170
204 1055
1350 978
900 1076
1253 1581
537 856
1064 560
445 1289
1464 753
1387 1370
541 77
899 570
1400 601
160 309
832 955
1170 1033
958 623
6 339
1186 1060
945 967
1247 979
1337 155
782 420
206 900
925 712
1563 433
896 44
1039 1189
297 111
888 1213
1480 835
198 1406
948 22
1249 1177
885 403
1269 1043
252 922
229 159
1494 391
508 1448
1326 145
1416 170
435 509
1577 1278
178 478
660 668
901 698
1282 594
197 539
874 157
65 1214
717 300
571 126
1256 629
1116 453
712 22
1550 1359
1574 569
1405 305
23 1148
1141 1213
164 999
221 466
710 1324
1370 249
1516 1506
1383 297
1590 719
1089 1550
99 323
594 40
988 761
662 1479
253 190
705 1599
59 454
1100 1436
1261 1304
856 1503
1543 576
1399 1456
198 1453
253 1028
795 877
1436 833
50 1439
117 1313
1549 1362
574 974
1348 1511
587 1273
1290 1592
143 1305
779 500
923 493
258 287
747 226
1410 168
551 135
567 1141
153 710
1214 77
530 46
695 776
1114 1380
525 686
583 296
578 706
501 643
697 777
54 1313
983 849
271 301
210 1319
338 471
425 1277
1250 245
1292 1081
354 892
1248 913
286 232
502 90
1009 699
177 1480
511 1160
1133 251
1407 113
1345 1414
86 236
903 828
367 196
698 46
380 454
1571 1298
1194 1066
1393 743
1334 786
1144 472
487 1361
280 551
178 1086
139 410
1289 1191
1101 596
432 122
938 15
202 1547
76 5
194 737
513 425
757 19
318 397
1010 1350
1154 1511
250 577
1551 500
740 1395
285 1172
1558 1271
1576 768
1336 713
791 1550
1129 821
1534 1512
509 498
542 1062
661 1516
1049 866
631 1005
156 1164
865 635
72 863
1436 1229
1249 1135
50 1379
710 1566
1076 1351
1455 1013
1474 1144
1090 330
74 1174
840 1165
254 113
897 909
1549 937
1187 216
944 1595
271 726
1464 129
810 1424
578 1518
1290 196
1444 1496
736 1236
312 56
925 20
329 665
127 1295
428 30
1488 749
1015 1359
787 834
1054 270
1072 128
750 656
1030 349
961 546
394 124
613 1049
1131 1461
1582 1478
535 749
1572 954
1454 1071
1428 830
8 1376
1239 443
288 721
39 790
28 264
1105 225
448 1251
630 1252
25 988
798 1080
526 1285
1006 902
1064 1290
1126 140
1398 822
1073 1099
38 1050
1258 39
1498 462
1323 1591
1060 887
1400 924
1069 1559
643 1434
552 96
323 154
879 220
599 1351
449 1425
1497 860
440 437
1365 917
398 201
398 608
1201 78
439 387
201 1306
1121 547
1352 1436
898 1374
954 726
481 660
1314 837
1180 970
150 1543
1341 1518
961 217
1105 1534
381 330
537 1347
434 779
127 1144
526 193
1135 15
798 35
953 514
1051 28
3 1134
1208 1121
95 194
1095 1046
1230 711
831 528
106 656
596 113
773 716
1382 716
261 661
303 577
58 5
140 147
1231 934
949 1327
1117 188
478 24
521 1327
23 346
212 455
194 252
607 907
1004 1499
484 560
1469 727
953 1143
721 855
612 1179
334 457
1441 29
875 1226
19 835
274 212
388 521
612 70
778 211
662 437
1091 1118
961 219
1193 1041
643 896
1277 780
1235 585
399 7
343 990
991 1183
1420 1103
129 819
863 23
887 948
1028 659
1425 914
102 351
93 800
1252 676
836 764
1064 700
1575 721
107 293
654 994
134 968
1398 851
976 1416
159 934
1526 211
991 779
1058 773
823 1399
622 331
417 217
133 856
1220 501
801 1161
1374 1255
136 71
1016 509
857 257
1108 27
1573 1203
179 962
837 1502
362 763
55 891
772 24
966 236
951 864
970 26
1490 916
711 999
901 1582
407 183
1093 1408
645 1223
305 127
723 1185
77 786
561 950
1068 997
69 908
1572 1500
500 1499
82 1547
1079 435
1595 700
535 1181
1394 1594
1224 461
819 865
393 1378
1327 866
1253 866
26 330
337 1477
99 1311
1392 1346
989 119
398 1578
1104 1259
162 1418
1349 1487
185 279
1022 849
1455 113
1226 993
354 839
1482 130
751 837
1346 1474
770 1035
1475 436
100 146
11 174
436 8
439 849
1147 297
1494 390
1430 1410
791 1148
1062 1115
804 677
324 571
660 656
599 673
1371 791
520 1351
1571 388
380 1075
1017 1594
980 49
248 311
233 77
369 517
393 402
1264 1514
848 825
265 593
235 1044
1343 1108
1014 440
1509 263
189 1085
420 39
83 128
1543 365
574 1144
644 1247
1316 1557
569 1109
1229 1531
1275 1564
992 975
1305 642
1138 1285
1031 353
1290 992
1310 815
214 574
631 297
652 1125
1243 558
327 1367
309 157
445 626
15 859
1426 86
240 491
1590 1076
977 973
202 1528
1041 537
433 1476
927 1042
750 589
304 80
1471 1317
1253 1154
707 274
704 1305
1044 363
1008 42
1484 509
870 1234
395 220
844 209
490 1463
1333 962
1400 433
783 1128
367 1486
744 696
996 1388
758 876
327 554
1089 1200
764 1142
506 1436
610 1353
1093 661
551 877
550 475
359 494
520 366
1344 495
31 783
1531 1155
175 1017
1495 1450
350 208
1532 483
333 675
1117 735
1578 459
803 1435
757 941
1138 307
1381 22
844 1581
1076 1191
1445 695
222 760
499 1373
653 1054
1393 654
999 625
395 1176
724 1355
1513 1206
1272 1285
150 1582
754 525
908 1549
630 659
648 1104
563 1471
1155 360
1368 1586
5 158
980 1139
805 383
215 1024
1096 1435
993 947
104 223
1278 1377
904 387
927 1517
824 832
762 1173
1131 1503
832 1498
833 218
5 1092
1549 513
1221 1494
1076 1458
1407 943
323 1003
921 102
1417 350
1394 411
385 1556
1587 1455
600 971
1376 761
501 336
47 1305
1587 697
457 331
1288 389
1214 618
1524 142
1256 992
849 1015
1555 101
401 1154
1388 3
1460 868
630 1485
441 1172
1171 1253
1198 528
1090 142
713 630
902 313
726 627
1085 450
1376 532
1470 478
1530 51
1021 930
457 1307
64 634
1039 716
642 542
1578 33
311 140
89 225
1186 1147
330 1151
635 725
197 512
566 757
505 174
157 231
491 185
340 1354
1484 1083
1121 583
1356 1066
425 1117
814 541
1582 1599
1452 644
1106 432
426 402
1329 662
761 128
302 306
572 54
1179 1035
313 637
40 996
1117 465
226 43
867 406
1301 1046
1454 1080
769 724
1571 1522
389 551
291 1429
706 1354
89 1504
373 42
166 601
1525 849
825 1428
372 1211
1162 842
1268 858
1532 298
1032 76
654 1230
1405 148
918 174
951 380
358 1291
994 1287
1552 573
800 261
1540 1295
1472 435
293 1028
322 1568
40 714
1032 241
508 727
932 447
1151 1568
1147 1469
748 538
1502 1394
1244 1355
196 1335
1317 315
868 1390
155 663
746 1386
206 806
229 1518
21 1390
1455 908
1435 658
581 1469
1008 671
935 282
84 230
361 1545
1585 399
1349 685
1424 313
433 365
210 1478
1490 1353
868 288
1591 879
469 295
1493 799
532 585
938 895
1351 514
157 800
1106 394
265 734
1081 916
1396 1163
884 1107
36 203
190 371
426 871
588 801
892 706
1076 665
587 807
275 677
1458 1501
109 1076
210 483
548 1557
788 292
727 1412
1242 761
1565 941
1421 780
1202 220
621 981
66 1531
1400 1373
705 853
924 104
1094 941
805 460
550 139
469 665
675 1477
754 1253
261 314
222 362
84 916
451 1211
1313 559
1249 1265
781 771
1396 1046
1424 30
502 1467
1462 162
1162 1520
1025 1490
1049 1579
1479 1393
1051 1433
795 262
562 1270
888 943
1212 1022
1491 1180
557 1465
586 773
378 961
152 1084
994 1008
1580 64
154 381
1103 1124
1170 987
1269 1482
1441 907
1459 18
1050 1534
956 893
140 130
743 1331
824 317
892 199
879 1498
1490 1126
16 696
1071 252
751 868
112 1044
1116 1199
856 1507
982 1483
1241 1165
693 675
475 549
923 815
1251 920
935 1166
1458 1375
1082 264
569 1587
1383 484
263 1574
790 1115
876 1062
1406 509
146 270
436 181
1221 809
1183 13
1138 1556
1025 504
1117 514
535 408
383 341
631 160
1480 1124
181 439
282 266
489 933
1060 602
756 1015
1523 259
284 706
813 681
163 191
29 180
993 940
300 143
1397 302
889 1301
449 266
922 116
225 66
343 104
755 1591
899 901
840 849
849 1507
739 1332
806 637
888 707
1511 1246
1375 164
550 103
1189 1406
916 1078
1346 1515
1031 770
1526 1235
233 955
305 1195
147 1210
256 1201
1239 641
568 769
399 559
1493 1436
721 502
33 886
956 551
434 202
709 1162
1442 1568
229 1222
959 308
7 534
1173 59
209 198
93 947
64 1528
1093 1247
1042 1062
654 1358
1052 966
1056 70
279 1514
273 1517
1205 966
373 1291
456 1237
1316 1464
70 1348
232 83
285 950
289 1275
326 736
1017 788
1077 1387
451 884
47 874
77 1298
1289 91
634 956
1227 1071
706 433
413 313
1583 29
73 455
302 1333
306 371
1200 1114
62 576
1230 287
375 912
36 1384
1283 1240
381 363
1112 841
393 1327
1468 484
160 100
401 978
394 1398
1396 408
867 616
1073 1386
764 957
1320 163
428 1381
573 1045
893 313
1068 998
628 30
1163 1005
1138 666
881 686
211 834
1154 1298
1500 366
443 1412
387 54
1 1544
61 688
358 1257
723 1536
917 1131
1308 1134
1122 561
560 1219
1485 91
135 1461
1470 485
712 1091
1489 572
434 849
1524 275
613 61
48 1217
1280 1011
623 126
862 717
900 1151
825 1252
870 968
716 988
294 285
1287 1089
680 868
1305 912
1135 638
371 820
1352 956
105 725
1465 1002
1284 475
551 588
1036 462
99 26
317 1135
1331 238
949 496
307 846
907 229
182 649
36 1205
777 1174
1193 24
1125 1522
936 377
330 1125
1573 901
948 268
98 165
16 713
843 1039
1407 1321
939 592
1092 914
1071 498
664 526
367 220
894 198
159 112
1418 694
1417 974
283 1238
1046 407
1583 1247
1174 149
1516 1317
1322 1341
971 1249
1104 982
1405 1108
994 873
223 1127
991 22
999 1368
959 365
674 2
408 1070
675 626
367 1237
1376 318
80 345
1070 980
1388 62
1155 1488
719 1414
322 727
1581 922
1148 1468
451 572
875 892
788 225
491 1536
424 398
1097 403
331 387
586 428
1332 963
186 1393
1458 390
244 1091
1224 50
387 153
805 1224
1117 997
543 604
618 418
202 613
109 1298
1561 41
1527 1318
622 1428
200 141
967 378
854 691
1595 1013
1158 1444
347 238
1542 451
658 1003
776 453
541 498
1074 1141
586 863
903 552
604 1411
1264 356
586 1140
126 1081
148 1395
1387 557
775 1243
149 227
1008 100
279 174
125 947
537 1509
1406 759
1478 1508
421 846
71 1574
140 830
1467 536
387 532
976 1389
1584 337
653 923
1344 141
1482 156
1440 99
362 560
1341 43
964 436
800 891
694 115
1539 295
721 612
475 500
99 317
975 269
1461 773
1545 511
1120 1473
1090 845
532 540
101 1419
1582 1537
163 792
360 1340
1301 279
454 608
1397 134
1563 426
1545 680
59 995
1248 1301
977 1154
1472 494
1093 345
105 896
865 432
985 1543
88 1325
1123 451
759 1025
1418 1057
993 988
138 1004
1395 846
435 269
128 113
420 1091
991 1328
794 403
152 1227
45 567
1332 580
143 1426
324 1232
804 245
1513 1438
1401 195
298 910
47 589
794 926
488 973
703 1248
779 1438
438 11
1339 574
192 66
596 384
1161 977
1390 275
176 1262
394 601
1282 126
1462 1165
134 1386
629 943
1006 1489
22 692
340 229
1257 705
1101 887
952 638
465 963
1142 660
637 415
425 321
502 915
1058 1574
425 279
384 427
1292 86
463 216
33 83
640 88
689 527
991 844
609 471
307 600
1012 483
1226 1414
598 1235
1337 801
679 386
1295 474
584 392
931 1497
831 1437
1067 779
320 730
1551 1563
634 262
87 426
217 349
519 712
110 1145
1411 1104
725 82
1530 334
937 567
1109 1088
1476 310
1275 633
903 1532
1569 158
852 81
681 645
438 401
784 864
204 636
1162 150
106 1334
1350 549
1424 1448
1029 1290
302 254
168 913
1287 1279
1198 102
408 623
164 1548
834 1163
981 149
1471 564
1019 244
454 226
283 893
856 1598
1445 859
1323 1234
994 179
1327 139
1168 1177
651 4
711 1060
1421 28
777 753
586 337
1150 764
1560 22
1193 346
1450 642
1210 798
1568 149
116 157
1556 1096
1040 816
844 821
803 1269
646 690
668 36
41 1027
934 701
1228 241
1146 30
322 698
130 1273
865 691
575 1477
1438 1564
1059 312
855 796
145 703
291 1202
320 1566
1182 307
577 194
20 973
822 778
1574 749
99 1306
102 973
1043 1280
143 1112
721 573
689 294
116 1258
634 556
1167 208
457 491
492 257
1388 1429
20 623
1210 984
1551 953
218 1518
1022 759
918 1084
303 199
294 31
118 437
411 1352
1333 530
886 607
1359 935
1420 601
175 170
405 1492
461 407
1200 1250
625 1503
1219 145
1533 329
594 926
596 60
1285 7
178 1203
1197 1427
1433 1179
1265 1144
880 1305
1287 959
77 1598
170 47
1064 1500
553 1533
596 1541
998 309
963 311
103 1453
490 1328
224 1091
1270 668
591 781
271 909
979 1076
512 534
132 101
518 332
608 6
1305 810
446 468
538 1141
1224 1132
1472 332
1303 82
401 1122
1150 674
734 966
516 1148
501 798
678 374
1369 1404
1133 871
1198 477
22 1296
789 267
710 66
703 665
1299 1328
1563 727
282 892
952 1443
1225 134
888 1245
718 839
1241 26
1543 1229
222 644
916 35
1359 487
680 1315
1057 1304
1468 1011
1191 492
855 552
1195 1112
285 1227
145 204
1321 696
1454 344
608 1443
140 599
1573 1599
1198 505
1089 667
349 387
404 577
1410 1335
377 1572
1013 1141
1034 1151
898 968
1068 1098
514 249
1009 1278
364 1467
1496 528
633 1281
281 362
707 1538
986 961
184 1400
561 766
1514 229
1459 94
752 601
1384 722
1287 611
1427 183
702 1188
348 1544
1373 1265
1232 740
417 1517
571 1267
1550 569
401 1031
519 1180
51 1590
1221 783
354 1101
827 54
347 1055
1377 968
541 28
213 1220
475 557
1280 109
447 113
1104 960
1440 1287
234 275
1129 509
404 627
894 1228
779 9
341 1005
164 403
943 1492
496 561
1307 252
1384 958
1393 627
1537 1563
1188 358
694 997
661 169
284 1561
908 1348
452 1522
1424 385
1446 1599
1594 1399
49 802
867 675
597 877
1285 1544
548 1257
163 366
1063 1071
1160 1175
832 275
1068 785
361 1141
555 1427
604 1353
1073 343
107 11
414 365
403 776
570 296
977 944
35 1072
393 1442
685 937
661 621
1165 1352
77 232
1253 288
376 707
304 1346
1489 1337
764 1410
285 137
62 168
1239 1153
554 1250
1386 315
452 1072
332 1132
1499 1510
1428 1431
142 264
362 1416
1051 856
1599 510
1347 436
1394 452
495 178
1156 588
1208 966
1328 589
660 192
746 835
909 264
65 868
1564 1507
374 222
200 1373
1062 221
1030 51
779 1336
1376 1150
24 1059
534 1564
1365 1362
768 1308
465 491
1353 877
1059 823
598 42
340 1539
53 59
831 292
866 138
1457 404
777 766
653 483
116 1076
1062 533
1405 874
39 731
737 634
529 750
618 323
529 851
463 1482
923 1011
1336 654
872 598
117 1106
394 1018
792 778
65 937
465 1330
746 884
1077 1444
1396 507
1434 577
551 664
842 955
1465 312
1344 1144
559 748
1179 193
1319 1230
623 224
1152 737
1574 300
475 147
439 962
818 1189
555 699
569 523
1539 268
176 263
107 761
1008 806
917 67
533 44
522 834
1365 1287
385 1130
708 980
1512 332
79 5
1505 1355
1099 16
263 598
212 1511
134 33
328 438
1478 1441
1436 311
625 378
639 247
475 1452
981 353
1371 1463
199 1443
1570 1411
1115 1218
1323 1428
448 1449
43 892
316 380
736 695
1071 269
296 960
80 560
226 689
343 1386
904 687
532 375
964 361
1385 819
782 1168
1586 1290
1283 1237
1325 720
1135 771
1225 285
1346 83
1480 1147
657 898
440 419
729 1501
343 800
1024 392
793 1538
1388 1562
318 1130
136 272
169 896
47 1178
362 628
572 917
650 311
878 1122
1498 104
313 1403
1296 864
1332 1404
1340 159
382 1491
163 148
358 908
598 1249
465 786
1527 1056
282 1586
117 1171
366 1157
680 1546
1205 1143
1003 1139
1552 1342
628 756
1562 81
1596 94
251 228
276 1294
1314 1442
1447 434
737 121
1229 714
1409 1139
447 774
1097 114
797 760
1594 780
871 1343
95 455
1521 1017
615 104
1301 25
617 814
817 1543
63 117
566 642
1543 1378
1461 1116
734 458
1466 1107
704 55
894 479
1549 477
1243 1429
1574 299
888 1209
290 1141
937 1585
768 1286
1138 802
612 489
599 1268
987 115
1538 984
1388 1309
515 1122
74 945
1484 263
846 581
187 656
35 809
976 1310
336 959
40 1249
286 556
669 201
1014 226
1 668
572 281
22 95
1469 1405
718 1073
1025 1304
1117 1180
1572 252
759 152
13 444
490 688
586 18
1165 957
429 1058
1332 370
406 1403
299 1279
293 180
433 53
1181 807
752 544
1507 1049
593 1089
971 1560
873 250
634 1540
494 681
297 78
1454 1543
1128 606
758 111
44 412
957 756
523 1219
1363 672
769 725
1012 76
781 1550
1175 1509
673 1188
1160 1403
893 64
1138 1170
1088 1
594 1363
1573 643
298 281
1543 652
1042 1088
1107 1059
1395 1548
461 1122
570 1592
211 1286
7 502
340 134
438 725
552 1357
365 760
682 1550
1184 118
1200 490
639 63
722 42
1285 537
843 1566
1212 838
809 313
942 1230
1251 1486
323 342
1303 1009
1166 101
1422 1098
1024 553
1443 1193
1499 1481
1082 4
1018 45
1035 1314
146 349
579 1165
1309 831
224 1367
655 160
641 993
1264 1198
1002 944
921 325
1058 245
790 325
116 1501
1454 129
920 1021
434 898
215 323
1477 696
296 387
116 1135
916 1309
1402 1415
389 1104
892 13
622 889
251 424
1241 1191
73 1503
362 555
969 1160
1227 1215
864 848
1311 338
193 191
1401 1426
502 244
838 1522
218 720
563 1231
1205 967
335 912
1345 582
876 1118
731 944
104 939
330 1530
1121 1147
1279 1558
129 1152
322 623
1416 89
697 717
416 950
1234 117
478 1345
746 772
1340 705
695 671
473 145
391 1108
62 1553
954 672
1314 515
52 3
268 1381
1485 875
264 541
1598 360
97 894
648 1186
289 34
424 1533
299 483
1362 773
640 278
1555 1435
1491 1005
160 326
1101 1205
977 1539
1362 1167
150 860
560 71
96 1393
1481 619
882 282
1375 949
123 36
177 686
38 508
972 1566
322 1324
1125 1417
719 1563
544 1149
483 1394
519 473
896 1040
302 1425
372 836
867 1354
1154 153
735 461
518 1412
682 483
108 363
941 251
1093 307
909 1425
33 616
1470 1368
846 133
556 994
885 756
354 1576
28 480
785 1095
1238 1169
168 1306
489 1228
304 1466
1119 216
1180 117
1294 227
543 782
488 1100
852 630
1404 337
1045 452
317 155
1144 63
590 1262
1138 1001
826 951
1469 1045
1337 1554
353 563
1445 1461
378 245
485 1414
22 558
1026 1048
605 97
1371 484
945 100
497 912
1344 1344
829 1249
346 1003
897 795
417 107
193 243
1397 929
1343 1540
567 764
271 862
970 543
302 1125
166 379
1450 421
46 1423
704 965
167 1555
71 409
75 601
675 1299
360 645
1435 1402
108 854
24 67
9 1000
1426 406
383 247
253 468
694 586
1051 839
805 42
248 833
48 1253
309 984
784 67
1400 1589
610 988
1305 681
890 661
1113 548
887 1231
1397 895
768 303
460 901
51 978
699 1558
986 808
938 747
140 972
725 278
863 443
888 549
1227 93
120 1334
727 412
920 1320
1396 37
226 1575
1480 1067
913 370
992 1219
52 196
1102 1315
345 1377
1401 375
596 1420
967 750
1293 40
214 789
482 311
18 1203
1093 1268
1030 49
455 1461
64 24
377 1164
561 625
1115 843
1050 1392
1464 158
881 1003
1014 555
763 385
1276 536
695 643
1100 319
1017 473
894 1155
1466 1304
1051 1113
388 780
1548 945
668 418
654 749
350 209
387 810
813 1427
594 5
861 321
1368 345
919 797
600 1512
272 497
1052 549
1464 1398
1309 15
392 76
629 173
1489 1576
608 1390
387 176
1550 879
501 802
1194 1058
360 1509
130 35
637 828
140 1561
665 1296
37 1546
149 834
378 750
1016 779
1283 333
53 1488
1305 750
648 48
1418 448
1410 1217
1227 338
1181 487
320 863
1495 398
21 931
1449 336
316 103
696 772
362 780
1149 1290
206 960
422 601
1475 393
164 1224
1331 75
1456 845
571 985
11 1368
1059 402
1427 1302
1505 557
1488 624
621 158
31 1187
243 615
962 1342
282 269
293 1474
268 147
943 50
1578 712
893 298
1090 230
1439 1055
1591 1363
637 327
1029 1522
1299 19
1414 960
1309 1015
1394 1199
846 204
158 979
378 231
1257 1170
617 1317
659 837
601 1373
1144 1369
1097 434
652 31
1593 95
816 337
686 123
1150 797
1211 307
692 81
757 81
198 539
1398 807
869 1438
1473 170
1347 378
779 1413
104 547
1197 1577
1027 676
1416 1120
691 609
1579 1192
938 1118
25 1178
28 788
1550 315
851 957
1470 807
1183 1215
698 1201
1156 238
32 848
63 1123
873 550
122 1598
666 660
1495 1124
82 635
9 1463
943 1164
229 213
321 1588
1417 1425
296 154
755 928
216 1156
802 625
1258 1552
1555 1261
1316 1403
121 741
1332 1562
900 324
1299 1509
1179 1190
145 1368
166 379
542 927
811 946
549 536
225 1049
926 835
266 1376
342 797
1270 1093
118 184
956 121
425 725
820 1177
984 633
714 1597
1288 614
1069 1423
206 1495
320 1358
72 468
335 767
544 1393
61 1086
840 1596
1359 705
405 1328
67 1056
1559 338
828 464
1173 1075
990 456
3 1197
46 1373
1162 406
377 1166
454 334
342 268
1438 1044
1296 1431
271 1066
1559 108
1182 871
568 1394
1351 342
1568 845
628 1066
1162 1329
770 639
1586 1120
1254 913
919 964
31 1441
34 208
1272 159
1338 699
805 1569
1299 1215
870 443
609 1133
201 877
574 941
73 895
1026 910
619 1433
689 196
1263 1023
552 1264
64 678
538 1592
40 370
1077 511
1152 1471
619 625
1243 870
744 454
681 337
1274 213
1431 612
484 734
414 403
1564 952
1042 89
917 721
139 1552
742 1254
1106 869
1390 155
53 689
1480 387
568 983
492 1342
1532 216
16 1030
1072 1329
1003 117
543 849
1554 336
859 1013
251 1158
347 59
505 523
1449 1515
7 904
166 244
1484 1587
1547 10
100 20
48 763
673 1555
1039 524
1088 675
207 1102
1046 1265
1532 51
153 200
678 1316
1068 1510
1494 1529
1568 1149
1155 615
782 1522
453 384
1110 565
1261 234
860 217
1500 538
139 55
309 1075
983 406
174 1013
1549 290
810 1428
1076 582
957 202
901 1524
1185 486
1389 871
669 1340
922 145
340 943
952 586
1577 1482
1117 458
344 1212
783 350
723 1063
1054 524
294 133
985 1432
1479 1186
269 832
404 700
503 80
1028 924
557 240
569 1312
692 653
592 936
811 1569
484 245
1450 1388
892 923
538 73
749 1051
1477 1368
70 1212
1446 369
34 614
213 931
553 1584
24 670
1346 1127
1006 107
1301 448
1295 282
875 1337
1088 91
299 1073
1087 411
446 1141
680 377
542 1576
1378 656
260 1242
16 526
394 181
479 420
964 783
1422 5
737 1240
1000 424
1318 1047
416 1082
1010 1552
570 1542
501 1351
1373 1009
1358 849
1046 161
124 816
932 57
1368 783
394 469
1406 940
1080 1256
646 307
575 486
1362 1066
682 418
480 561
1202 227
259 68
1007 651
1460 775
330 828
1006 331
415 1184
301 674
120 616
732 974
144 297
729 1317
1147 946
793 1180
376 1359
887 1465
1509 1408
1088 1367
1318 205
115 1376
1274 1203
918 1497
471 1217
1159 751
447 1503
264 1028
22 1163
278 321
1393 800
522 615
346 154
1274 992
1490 1238
968 1272
738 362
351 1249
551 1160
394 298
167 1485
998 324
1573 650
983 1265
775 772
217 641
1396 882
675 1393
1308 1009
1290 238
185 903
676 1597
11 1482
1596 1472
1523 629
774 131
1349 117
293 323
869 69
313 1515
534 195
740 983
517 1196
681 881
169 1068
524 64
31 56
778 206
206 670
723 304
1110 319
1297 1369
358 1216
882 494
636 1502
508 1334
113 335
953 1533
449 242
1362 744
1128 1391
1449 104
435 232
617 854
1136 447
1478 1083
1053 1248
1392 907
936 440
1107 206
276 445
1446 449
23 1205
508 862
694 1139
1023 294
3 725
1557 1358
1335 689
904 1052
164 234
331 1334
374 1471
161 114
349 1372
948 1245
53 1368
220 1210
1083 4
47 1221
814 555
1536 1444
933 885
305 1205
764 1021
304 1108
1023 1025
1503 1467
1044 1202
1070 385
1494 304
1167 1425
456 1348
715 248
644 788
436 1453
1504 434
438 1261
1504 1330
41 1591
810 996
427 784
628 864
418 1077
1248 343
1045 693
1421 206
1241 1384
367 1297
1211 1318
390 559
811 1483
1254 916
1011 913
655 540
957 44
1187 772
18 1145
291 323
1130 450
245 1209
752 342
1037 1107
909 583
422 1581
1565 1359
162 1325
209 831
1409 76
377 623
594 988
1223 262
1194 1532
741 413
1331 374
572 859
435 460
888 513
830 474
504 114
376 1253
1201 936
165 195
1213 701
441 437
384 1422
1113 125
721 728
482 108
578 1412
1098 671
386 471
223 618
475 1422
174 382
95 1096
65 878
698 702
389 637
1190 96
1402 1504
1297 899
700 945
392 1303
216 3
406 232
573 1424
1571 244
81 1203
342 1469
250 695
627 283
773 959
584 1439
418 171
1527 307
601 693
685 552
1257 576
370 629
1439 423
1394 867
1194 877
1115 633
1014 1454
622 1590
957 641
658 458
597 763
517 1320
1245 832
1273 226
656 1049
713 740
410 44
121 332
640 105
1193 1475
466 1180
239 289
225 260
233 406
1428 790
1499 438
1405 748
482 1551
1088 857
779 38
1567 181
1427 836
224 54
586 22
113 1536
117 230
772 273
230 1557
1574 1277
1572 977
942 630
1556 1478
208 591
774 1232
1202 1156
933 527
177 382
848 1377
319 369
318 698
1121 1189
1340 1563
991 155
287 388
850 868
1206 355
237 1341
662 1269
118 813
793 599
892 989
1201 1180
1231 1560
257 217
983 1183
18 544
667 941
283 431
1311 1166
557 628
228 419
153 332
27 977
21 1142
913 6
1425 1481
933 445
1271 284
50 964
284 273
286 103
1078 735
1449 703
1598 552
444 1462
773 1528
735 1471
178 994
1515 1236
948 866
1205 459
1442 153
975 115
1482 227
786 1308
602 87
1192 714
1320 439
1431 1049
1368 1066
1235 92
894 44
1516 1245
480 1072
909 242
807 254
1000 1384
679 1383
566 1172
472 406
1493 102
10 768
1476 770
734 212
1403 1439
85 1185
686 471
545 1533
1098 1367
1183 294
329 119
546 1161
1463 548
432 888
559 1046
1212 121
387 170
125 549
39 1561
1213 1009
147 449
42 441
1157 1460
454 468
652 998
821 534
1530 567
1442 290
285 1090
1043 181
132 700
1447 282
907 1388
1471 936
415 93
301 380
1199 1190
1525 942
1193 46
1093 1521
1257 1557
630 967
13 840
638 1585
239 1155
1490 1025
596 1107
538 707
1189 804
1569 461
297 862
1323 270
817 1148
1006 422
1129 808
117 1081
1566 651
1236 21
334 525
1479 245
556 1519
977 288
15 129
292 1027
1521 1162
1424 31
638 834
1531 823
341 1595
918 90
1109 206
1400 1145
669 798
1345 921
1424 710
257 714
1477 815
922 1187
1015 987
1411 384
1011 637
1214 683
775 421
1440 988
1357 1430
657 88
1097 47
481 1226
1357 955
32 53
1504 772
544 1489
1228 758
945 946
1403 347
327 735
1049 553
1181 136
339 455
167 1111
1268 993
767 133
1293 568
793 251
987 1247
1026 1303
194 345
734 1121
1374 573
60 1244
1175 787
838 952
1172 714
1319 936
1566 1165
768 1145
448 1500
1128 579
1346 313
1511 463
345 90
1408 421
1028 99
1183 1412
1391 1422
1460 1468
337 1281
554 926
132 1529
1462 1415
821 1558
1581 847
212 68
1146 662
1568 1204
189 524
108 1318
1491 159
1572 1317
548 1424
27 33
112 367
312 873
130 1265
551 143
178 1441
1299 790
765 380
1179 1136
343 351
1351 1222
591 216
914 914
714 233
1535 1074
522 1473
262 319
1137 1294
960 1149
106 198
1195 1354
448 565
550 1544
1235 1315
438 1102
942 1003
1175 284
146 740
621 1329
329 471
84 608
1377 1138
280 1410
212 274
1188 1122
1351 477
831 151
1366 1378
785 1009
6 37
306 539
1262 16
230 114
170 622
1572 617
91 1164
1554 1300
1104 856
827 483
1144 37
1568 503
1095 677
895 1430
1422 461
397 1455
327 737
1499 827
705 273
820 1327
517 13
661 1152
147 619
773 1053
1348 725
180 781
273 484
948 177
573 1297
553 130
594 533
270 409
225 24
1493 1180
339 801
388 902
1013 587
594 1165
126 1109
762 663
951 1311
704 842
50 732
1464 1484
263 65
169 153
1231 608
894 430
639 716
1288 871
698 620
1523 1257
97 1047
756 1062
226 826
459 998
1087 42
1423 130
632 1565
1162 1092
322 435
364 91
1352 944
1483 91
1166 453
1372 258
1561 1394
1575 530
257 1028
1273 555
1102 630
429 578
1205 814
582 255
1472 292
1401 675
1430 1292
1484 157
1127 394
1084 1350
991 1488
1285 611
551 884
272 848
1072 590
1077 988
963 5
979 1545
167 1591
208 204
106 387
278 987
1226 1454
266 1507
168 559
94 1331
236 98
1183 1140
111 1196
1330 1013
652 130
1171 63
1050 1406
675 46
983 10
1476 1565
937 752
834 1144
748 1368
1293 1171
19 736
569 495
89 376
605 1220
506 1438
70 772
673 675
292 1363
331 614
48 1003
1558 974
478 1358
436 1362
474 1493
72 419
70 174
647 1277
548 22
152 1240
831 1418
1204 369
232 696
618 1390
571 290
192 1485
916 1296
225 665
378 1255
1516 1322
1574 498
749 1026
76 865
526 932
1557 1184
973 1433
1253 121
1071 1046
785 855
419 677
807 777
1518 705
1295 537
84 1335
1581 1210
1139 511
105 7
648 347
1439 1447
331 1007
532 327
591 121
933 158
551 1485
750 1496
290 874
1321 423
596 136
316 1043
944 917
301 1488
686 39
235 1333
393 1579
1195 500
623 311
1321 237
1071 1098
572 1431
1066 105
1202 921
973 562
1228 19
1387 371
330 220
1261 617
315 287
761 1496
554 136
599 60
350 305
1543 111
1013 1127
1044 1387
69 344
1597 1580
1295 161
1172 60
893 671
1030 1089
1433 931
478 125
1137 1365
1173 209
1481 885
1119 168
146 976
1295 1481
640 12
1447 1043
1290 820
478 699
1071 50
194 932
2 1333
1319 200
1177 1482
161 1208
975 1274
1324 1283
284 1351
675 628
327 1386
1441 1456
297 78
461 549
31 138
780 204
1471 308
985 1089
822 1527
1401 1398
1077 389
738 520
102 974
1005 865
885 1473
100 1009
1001 489
1384 783
1052 1265
50 224
776 752
106 252
1557 615
776 1484
669 1273
464 1320
737 1561
246 393
1410 270
1577 1386
85 1440
1179 627
106 651
1264 868
868 848
102 21
1471 122
1573 1062
919 486
1316 422
766 1412
818 1085
352 676
1458 851
186 633
1164 17
1367 162
1084 1048
870 174
440 1136
507 800
965 1329
1083 140
1211 1170
893 1147
313 1053
1114 1139
195 657
430 752
233 2
1465 431
1443 1518
324 551
20 986
479 624
1184 1574
251 1180
1589 1177
1161 952
1342 878
1372 1416
872 82
551 724
430 1587
307 933
1445 1243
1004 151
432 1094
855 797
1253 1207
1539 157
1569 891
213 309
1264 1233
1405 1592
375 1302
1224 376
536 862
417 1440
554 575
252 57
135 62
238 27
76 1242
1397 446
362 233
1543 46
1556 1460
1052 137
158 1204
429 1005
591 633
704 449
1524 1305
620 1091
1482 1011
790 635
1432 39
849 1267
1441 204
728 470
466 37
331 406
1488 280
287 832
255 642
122 1070
337 379
1065 1280
570 1376
899 1137
1504 934
815 432
913 446
1326 1282
302 20
981 550
672 951
1553 1124
971 1117
212 547
300 1142
816 433
1011 822
1378 407
1562 1397
888 1421
170 581
898 437
524 252
336 510
729 576
1467 1553
911 164
142 1581
1370 1464
206 404
731 946
50 1528
55 70
544 741
1383 750
578 96
979 737
608 445
929 922
477 40
278 461
878 404
775 225
568 784
697 689
655 263
1022 1142
1329 409
336 1502
1302 841
146 177
1185 350
77 1489
1022 1428
648 20
1255 1241
1180 1414
1509 1363
359 343
307 1085
97 587
857 1303
622 1069
895 970
747 830
255 1590
634 1278
14 1535
933 1378
1240 318
392 1208
438 994
1133 379
1069 508
1497 890
904 1116
1139 1529
543 1002
291 515
486 779
1585 741
671 476
146 24
115 293
637 148
101 1178
1406 650
624 109
486 1150
893 1002
1408 306
239 310
307 620
187 1305
643 720
1300 1298
749 354
108 662
325 1444
1159 80
588 298
1492 1182
1008 1013
206 956
229 832
163 1578
1123 390
1186 628
1485 1443
121 1206
1083 979
1565 913
1520 1069
821 1265
1405 1139
296 295
1579 1034
871 989
1324 270
734 695
385 685
112 1412
1537 812
1482 689
49 218
50 926
747 441
896 1160
1559 21
1379 838
50 773
1414 206
891 625
969 1123
834 98
280 894
397 1379
647 596
1439 413
1591 1492
954 1145
565 85
1438 311
263 553
1490 1527
1479 1236
385 1584
816 78
976 746
715 347
702 280
1 1566
1518 247
559 1021
756 500
165 1348
427 164
261 1080
1371 55
751 5
1091 147
761 703
1444 1479
470 1095
955 37
544 837
324 1512
1505 388
2 130
1338 1251
988 555
1107 801
50 1102
1241 66
505 397
1131 663
684 920
1215 143
1009 538
883 894
1297 848
113 966
1261 601
1416 329
1483 1037
185 1399
1252 733
242 1556
454 224
644 724
1488 322
619 526
1321 35
409 194
1439 516
762 684
916 400
1213 1274
382 461
732 77
580 192
1029 402
1117 1563
1174 1010
207 1587
147 1247
1394 880
441 1080
579 1063
1087 313
1521 1542
275 1576
1056 1523
1490 1248
999 1324
197 868
872 483
341 101
644 853
1153 1571
1500 793
1485 910
1460 1385
995 1516
1540 1225
397 1445
1503 827
1519 1311
1580 1424
1349 1294
409 337
857 910
97 122
544 116
827 587
1341 1192
244 1132
764 649
1227 816
1021 1365
1391 434
295 1103
534 1356
1385 984
862 23
74 322
234 1163
234 1409
1332 285
1432 1121
1229 1430
1470 293
547 1346
776 835
1081 1220
359 317
1204 1146
764 45
901 199
817 971
873 715
340 112
1155 1584
80 198
594 376
1581 525
1225 828
1312 1088
813 1370
1310 1057
387 315
1515 51
129 620
1427 1345
1473 1202
79 457
1471 316
332 501
1259 702
146 161
414 68
167 1343
37 1110
943 914
1029 491
1070 291
833 488
429 64
1181 1160
364 281
1138 902
820 560
1491 218
650 1350
1170 142
346 461
1439 160
771 677
373 391
1400 354
849 693
1586 681
567 598
31 293
1434 1573
1317 197
1037 417
538 1462
235 339
433 130
1592 847
123 967
816 630
1206 989
1272 1468
954 567
1291 814
330 513
1534 980
212 945
206 218
517 1591
811 154
241 1530
953 1473
264 1089
1250 293
1405 680
579 680
1319 981
936 332
1370 1012
420 695
228 396
1222 845
985 1120
1245 57
1086 1189
36 1304
1315 48
347 48
692 837
24 1275
782 1358
441 795
16 1268
1573 656
170 778
637 932
377 233
790 877
1250 1042
925 1307
660 1017
62 1355
1184 338
844 865
1139 1516
891 321
1256 345
583 390
662 859
237 1509
898 303
374 1428
1555 1400
818 1442
1159 1483
832 895
197 283
1450 1181
580 490
899 1465
820 382
1066 484
416 1397
43 662
912 430
860 1452
1384 312
577 344
942 1324
638 1187
77 388
1552 303
393 449
221 1351
1599 491
74 869
54 576
1138 551
1396 308
301 1443
512 1198
1100 1437
12 1131
396 1450
25 1259
1280 838
1347 1105
61 1024
101 1111
479 431
1373 145
1329 733
377 1505
208 642
243 1335
1275 53
1518 1008
376 114
775 827
1278 1079
117 59
806 1007
1459 212
312 415
1534 1076
264 77
528 604
918 503
260 819
1033 209
875 429
907 144
911 398
306 727
1149 121
252 1074
1472 1158
1249 388
406 1335
230 742
1493 1436
185 949
852 1494
1068 961
818 1582
1159 1240
53 857
1547 163
1208 1080
749 824
1150 1322
1217 1345
1200 750
1555 764
1253 588
1494 1041
568 1044
1258 604
158 44
677 181
729 654
467 662
1539 431
752 1392
679 21
1040 1547
3 1258
1039 817
1175 355
522 1204
503 1190
533 560
1558 394
1550 1400
345 205
795 1076
1145 1466
1105 740
266 1532
67 413
1558 1508
36 1344
1199 591
30 384
354 607
135 671
1254 1294
705 1016
291 1094
1212 1197
1467 1382
920 157
1407 1597
1431 678
491 744
1416 1143
1063 842
1344 1265
371 750
42 1454
290 223
1308 1012
1171 1413
898 1247
823 946
1524 461
996 366
483 675
1558 1547
1553 1424
772 1269
694 99
401 396
1372 1065
744 1262
1357 114
1445 184
27 773
44 1050
512 263
668 621
1128 160
1482 47
736 580
461 1120
1264 1268
125 163
953 844
1390 503
161 504
210 669
1574 865
1508 308
1479 591
1354 520
47 691
401 1132
674 73
1021 950
648 70
705 995
1584 1447
1389 1555
391 41
270 331
1424 1051
1185 1061
1299 387
504 1029
1003 1000
1440 1577
497 1437
879 120
1450 685
120 1163
1185 1540
1129 1504
302 942
593 1486
1543 1098
1115 756
192 1585
81 203
633 483
1509 774
618 631
1458 447
1536 334
851 1316
1232 694
955 1458
406 342
928 212
705 1283
713 320
72 1030
852 1242
1239 897
1158 54
864 634
568 136
370 1215
550 445
108 387
1372 436
114 1306
642 1218
147 1524
972 1085
1529 552
243 1180
1147 104
270 318
1139 588
403 1305
151 550
1004 55
1266 183
604 1006
615 434
1020 239
350 1346
899 1168
315 193
718 81
93 579
1357 773
1050 688
1037 1248
1091 374
178 1496
817 1518
935 392
619 1266
219 1515
1505 592
1107 417
197 748
506 99
1572 659
324 1508
632 150
874 1415
1148 110
1515 518
964 188
299 1548
1039 161
388 505
578 1501
272 729
1468 111
96 664
946 1266
974 1589
430 790
1562 1219
649 1402
817 1061
1494 1504
971 703
136 1080
690 1487
1332 182
811 229
1078 1032
278 1403
1215 423
1211 959
1570 1172
1408 345
733 763
1137 574
43 632
186 1325
1208 1064
992 1349
331 119
1251 1371
246 519
192 1247
1169 506
1556 922
874 595
1258 636
157 1557
172 910
1551 1018
395 26
1051 291
1510 1516
873 1296
900 1449
859 92
523 1017
43 1497
1364 874
763 479
1196 1520
976 1183
629 1063
548 234
146 4
1469 603
1040 1091
591 592
227 1054
516 666
1565 719
657 412
1147 128
1599 181
1530 625
1165 1218
816 115
646 479
926 720
183 436
1599 1244
75 732
1248 732
597 1106
31 706
1205 1255
23 1271
725 1212
1335 416
1286 520
1369 799
1222 1303
1332 925
991 766
1368 277
734 724
253 1474
1445 734
182 526
1157 1168
1446 1005
635 811
483 97
567 1454
1129 137
1062 1508
154 251
254 1424
1320 1307
889 568
411 63
1546 1283
137 1488
441 804
1301 249
460 678
394 1082
315 1197
145 1138
1428 624
1067 208
1361 133
862 1370
1393 588
580 375
1178 102
954 1150
1476 1027
1262 1160
1390 356
82 1449
1520 1297
1545 1091
358 1245
1016 566
339 835
1247 1138
781 1122
1295 1057
932 715
900 26
1247 728
1562 431
1134 1496
480 1366
385 1573
927 223
135 59
96 234
1073 1210
1321 1258
545 1333
792 357
973 1501
1588 1298
450 448
822 1572
820 5
876 486
716 1565
748 1518
1559 562
883 1192
407 960
722 1587
153 1215
119 474
1555 1394
909 1135
732 1144
924 946
160 543
402 1165
552 1536
824 671
1450 539
1594 683
190 1299
950 1480
294 1372
153 1332
1457 110
713 330
778 428
361 1118
85 921
1051 690
648 82
1578 21
1412 1228
640 1385
1033 54
1180 712
1374 1188
201 691
1541 1235
527 778
214 1115
71 1080
357 77
925 448
1577 1254
593 438
208 1065
932 646
1276 1135
877 754
668 1585
365 169
732 1007
1489 82
828 1462
760 1187
594 283
1033 1188
12 320
460 690
768 1068
965 293
583 622
456 269
1513 1313
1418 1301
1303 1143
770 1455
680 863
1570 541
499 1145
1109 607
113 939
930 1007
1482 776
765 962
1110 339
1489 325
306 1202
1112 661
1180 75
1495 1027
276 378
44 736
1533 1341
811 967
506 1546
135 691
11 1342
1397 456
561 800
1453 861
451 1448
1304 753
1236 386
1 766
1200 1034
99 887
1143 478
325 668
989 260
502 242
350 911
69 1130
48 331
984 294
333 1590
605 584
309 1337
85 918
1098 281
723 925
964 1368
1593 1464
1529 1274
1104 1125
414 1015
577 1210
1416 861
1371 873
89 176
975 597
818 687
640 1461
1171 51
750 260
823 1324
145 1106
110 1256
934 49
561 740
495 1524
337 542
925 653
117 400
905 1361
494 233
398 1238
209 1273
177 481
1381 96
1385 1296
1086 1285
1161 1127
717 942
1276 913
305 1295
88 355
1135 58
1499 467
625 1513
90 548
1308 593
1040 1161
1307 1077
698 1213
1225 1391
346 198
847 1069
260 1283
295 1378
1593 391
1209 503
624 1501
927 219
1241 39
818 773
669 127
252 1337
64 1256
767 875
816 1140
1022 1417
182 162
1086 1312
1084 177
1168 483
689 1149
1141 1377
1253 175
257 1468
585 225
1017 534
881 363
705 582
617 1238
1132 592
537 181
1213 569
744 1194
946 989
1201 938
1071 987
11 1269
1229 679
800 1231
786 1591
1177 1323
323 1339
12 113
901 935
453 123
871 603
1119 16
1254 1507
700 1482
672 1213
63 258
135 1090
467 1322
898 22
1029 1110
1182 64
1188 1453
1356 1122
166 454
1113 350
137 304
825 233
548 617
499 912
1053 773
146 1435
967 209
272 1507
1236 643
1309 1371
706 550
1408 1204
628 135
997 1204
431 714
45 969
466 829
1437 1463
587 375
1089 831
1050 948
1031 850
630 1275
173 125
588 410
1201 1345
1264 119
1011 128
659 656
725 1501
1038 1291
1219 782
281 676
399 228
1453 1420
49 1231
897 603
1306 193
1539 581
291 1449
288 719
1126 322
67 945
1010 1094
113 61
1355 920
1529 487
566 78
1079 829
286 518
76 955
966 955
76 1218
1409 744
731 111
230 860
819 1263
93 730
74 1036
1388 1063
397 317
1381 1363
918 1328
12 288
834 358
597 83
1557 578
490 666
854 944
1174 530
1339 941
1336 1260
195 807
601 963
702 12
578 843
1220 695
511 932
1455 1197
671 50
1001 890
1393 530
648 9
811 1404
1005 1570
368 524
574 1065
89 1329
1169 262
1283 871
294 1026
155 642
1496 150
408 323
1597 1056
1232 1248
1136 292
941 229
397 819
157 337
1315 1506
1232 50
475 20
1083 174
1256 1366
1145 1268
576 298
320 823
665 90
1027 35
562 673
1546 1075
314 1142
143 413
824 954
1279 1308
702 355
224 578
1481 711
26 779
738 959
1001 631
328 1032
596 1451
400 1155
559 1165
98 651
221 472
531 409
983 478
786 864
1142 195
1328 690
949 336
1192 446
719 1061
1485 59
515 200
644 554
911 651
330 401
564 217
248 51
603 191
930 329
567 87
232 427
213 1052
1313 636
309 502
1535 1548
454 1318
1365 536
440 1484
999 228
1492 1349
546 64
314 297
313 822
1172 440
411 479
1556 68
1273 1076
947 671
652 1241
631 611
325 1597
1395 881
260 594
457 960
510 1386
1550 837
1321 746
1131 316
215 1427
728 935
641 1457
609 520
51 329
284 727
1123 1454
1414 752
832 46
1574 1566
81 247
613 1173
1199 62
1571 1510
22 1387
1524 595
661 467
780 1357
1475 959
1221 912
1389 1110
129 1129
206 1501
1067 976
944 450
677 327
376 787
1561 1440
466 1305
1206 1233
1219 1245
735 863
512 710
337 595
1565 1449
1363 585
272 679
648 179
1395 266
643 1092
331 296
1430 1504
755 1474
399 154
1539 317
756 79
9 671
1067 260
939 716
693 1204
977 645
720 1254
494 760
354 1511
916 1057
1585 870
8 426
196 681
494 1401
1308 675
353 773
1465 1086
921 681
1033 937
393 1266
1021 1455
1001 1588
330 309
139 462
1394 659
434 197
659 644
702 464
353 928
152 177
995 46
1599 1551
1411 214
438 1341
90 860
1165 986
759 586
1170 723
1024 515
1429 813
846 792
970 1586
1297 712
13 1046
494 661
388 599
124 484
3 1457
1388 684
302 538
579 1411
357 374
799 1252
1472 372
665 917
204 80
1595 76
422 1293
1336 1139
1180 40
611 1091
1173 536
764 487
376 1153
2 545
436 1158
466 988
435 1428
278 1180
164 814
1384 941
1369 698
1237 223
1065 1316
354 358
1443 379
682 1273
1402 1197
1024 731
1291 681
354 1410
254 1061
878 208
1005 1272
165 1219
1583 760
1226 92
1174 599
556 1042
1479 1372
1011 569
12 683
1264 1561
512 1413
1289 777
1537 592
1135 20
377 1062
1242 1107
568 581
851 990
369 1429
582 1257
267 934
1218 191
57 666
1189 745
22 690
1280 1058
493 312
1266 968
590 270
912 988
1543 501
1229 344
290 1208
140 1341
1266 1427
1029 14
1164 1404
662 1326
513 70
930 1231
1305 678
1010 267
304 393
618 1532
1070 1461
1215 1154
731 1226
1488 399
160 1015
1233 794
950 20
1376 1517
1310 784
186 260
210 1498
175 745
1554 1294
677 945
285 1409
3 486
413 1001
432 1536
460 766
1585 380
361 292
323 401
631 811
494 1017
944 1048
636 303
1260 1289
102 183
1083 582
1038 1550
572 1036
915 1533
528 1538
891 481
917 307
1547 20
1429 589
178 992
1474 1422
560 1549
166 700
97 825
1249 1573
67 415
1590 1003
1173 1099
1514 757
1125 1568
268 262
355 16
463 271
595 878
21 741
137 831
415 1163
1094 41
1192 1297
1579 601
344 1257
1342 491
529 872
1473 213
1283 931
116 976
1085 427
1506 1401
1349 1090
1086 1544
1073 1295
893 62
764 1113
1401 1011
1431 1576
314 1564
810 195
59 1041
264 576
633 973
289 1075
122 1536
306 887
1041 1081
1434 1187
55 1241
1571 1335
85 764
834 1397
209 275
1339 1584
231 157
523 567
1335 79
41 1202
1032 770
1193 539
1169 1521
785 411
1552 1435
691 148
346 622
311 512
1086 1002
544 459
502 1038
1488 800
458 1483
1286 659
230 399
1146 369
135 956
1327 1182
1317 801
175 819
1423 1129
128 697
1360 1373
64 1464
1394 480
436 1140
371 10
28 1462
1407 261
1540 233
1469 1381
1276 1247
1470 1497
1499 850
494 1544
1387 902
1114 270
1099 1479
1389 1419
538 1452
619 188
1090 1160
241 1091
149 1097
61 570
681 1509
1195 794
497 1188
424 824
816 50
1534 1316
1062 354
252 1151
220 1434
357 122
1349 378
870 860
1340 1584
919 690
351 1446
62 808
571 939
1097 191
1208 1553
830 883
1490 1028
424 985
824 892
1520 1411
680 1370
1355 678
576 1215
1151 219
84 1309
428 612
1103 188
1407 1441
1056 584
556 1117
513 337
1556 1389
1257 848
934 222
1352 1391
549 380
1558 1144
1387 129
130 1235
144 234
100 1533
847 565
712 670
131 353
678 689
382 108
573 1192
1096 878
593 864
862 1400
44 1402
200 1033
337 437
105 557
319 1233
998 368
1060 1037
1152 665
1178 1232
1194 1397
986 664
551 92
180 464
955 1352
719 600
1071 1100
273 285
1258 1141
613 1528
944 1486
1208 757
523 830
944 1455
54 1132
70 934
1379 951
56 455
1546 1390
1115 207
1441 543
427 25
528 1209
264 1530
1522 826
1018 1276
1471 689
1188 128
1173 1431
1054 161
833 796
378 881
1374 466
800 726
1300 1125
518 818
1054 550
1284 629
1342 1223
1544 1491
92 906
527 1093
117 181
736 1273
1042 828
230 1132
590 794
1588 1154
661 217
486 231
528 1009
1246 462
1076 901
453 502
1407 548
221 905
456 52
972 1319
114 1427
180 951
245 982
659 637
670 677
740 1330
809 1457
1441 1591
467 1159
240 1295
955 4
1501 1008
238 1202
1033 824
1183 336
363 804
1043 943
1064 375
1312 806
1294 507
1514 1305
291 1414
1158 968
1381 1477
1020 690
1288 97
502 190
22 1063
407 1316
1422 536
1412 387
992 79
364 696
1514 843
380 1416
1266 1011
1091 157
382 1562
1316 412
111 376
893 320
991 90
872 374
37 1412
1388 239
1595 697
337 138
357 135
161 1304
1596 1363
1173 589
500 538
140 1422
1102 613
839 80
244 1576
1332 569
726 772
1158 304
423 1304
195 830
591 457
299 1177
69 1598
1476 442
1088 1479
599 405
724 467
1405 912
353 1406
924 1049
317 940
663 364
1408 942
182 409
919 369
418 974
737 1381
676 1108
767 1113
656 1238
835 1299
338 905
489 847
1282 155
109 517
101 1331
1104 1081
431 839
258 523
276 455
541 894
862 1469
1320 584
170 1088
638 906
482 281
1322 320
1224 542
182 1275
1050 99
285 778
1516 423
1130 340
742 1535
762 1192
278 192
1196 903
592 1539
652 250
1095 990
723 1176
913 16
32 1454
1247 230
1033 569
915 15
999 208
1428 1058
583 1361
796 205
643 1006
121 411
497 429
1164 1129
124 1562
1272 1350
1036 860
1429 750
413 1060
329 1397
1342 47
845 1596
439 538
488 163
830 873
1433 1010
1015 627
1017 1192
978 194
1270 407
681 631
710 920
278 417
565 1054
440 161
720 1237
1081 802
214 665
1121 136
1035 1001
1131 658
69 727
1554 351
1251 557
506 681
1374 1269
1281 816
701 1015
745 201
647 161
781 80
1387 1163
514 1380
1037 66
560 137
1586 132
554 1335
429 947
863 731
370 1518
695 18
752 1238
960 1455
107 673
853 838
142 768
560 60
802 1253
808 657
411 573
1527 1365
1321 357
287 1332
298 1476
429 409
565 337
1321 247
1332 565
1293 1395
47 200
842 803
784 1042
1522 95
128 1508
255 1112
954 192
322 68
173 74
1551 1065
452 541
993 737
470 765
1538 1204
732 133
1265 1310
989 322
896 796
724 1416
1397 953
413 300
472 1308
843 258
1027 30
917 628
721 1113
1198 183
913 1206
546 1505
1488 1199
97 1356
529 34
242 141
1253 520
863 595
461 1406
177 1224
228 1567
254 739
1381 1113
462 1262
830 796
915 868
1327 75
869 62
1117 1285
1143 84
1469 884
1035 281
1124 656
391 1554
504 654
1400 1151
853 445
200 740
1436 976
736 871
1090 351
1392 1283
519 191
920 183
992 340
393 98
474 790
1217 43
1201 440
730 344
991 1152
1515 1078
851 1210
173 999
1425 401
779 151
1205 307
766 140
1477 822
1378 526
309 141
1414 1420
389 620
1540 1356
178 440
269 886
431 636
191 1379
515 1119
978 395
27 1020
427 950
1284 1264
1263 1573
668 1081
1502 1298
110 1242
263 210
987 1505
1549 328
1255 932
705 1381
1335 552
125 660
543 293
1578 842
1025 246
1206 1224
556 870
1338 150
1190 555
126 114
501 853
116 265
1032 1567
673 1598
1466 678
982 309
1184 481
234 1405
1047 1394
1128 1398
1177 993
1218 1583
1279 793
1009 1460
747 324
244 1043
1458 709
716 926
742 1047
1309 1087
582 899
1231 1223
1390 964
439 35
975 105
1417 763
878 1008
34 1048
266 1302
1201 1527
803 1197
1203 67
851 954
1008 1377
1453 1427
1120 1150
826 57
707 366
665 332
458 1350
1117 1599
107 179
822 194
774 1196
1583 1044
284 207
155 733
889 1321
846 815
580 548
884 163
114 529
594 224
927 257
1577 1529
592 1391
1125 626
367 335
667 337
1409 1118
881 417
611 585
89 270
1516 161
331 1278
1497 610
1599 205
139 699
1361 1068
1214 1299
1526 143
1317 1085
122 377
122 268
1302 436
839 767
492 548
1056 785
352 1148
1417 199
522 166
948 1288
676 729
1572 1429
603 622
1032 187
95 26
72 1095
921 1372
883 1460
1105 424
589 1511
956 1070
1158 566
309 1341
35 364
1379 411
279 953
563 1061
408 1524
1100 1264
1125 1496
423 527
1244 279
236 331
990 1148
615 501
494 683
932 1500
854 327
511 480
102 1551
24 1137
34 1328
1148 202
145 1582
1464 93
261 895
1364 117
965 933
96 650
452 418
1187 853
1187 934
707 1413
622 502
1460 480
642 875
748 336
193 1387
227 1558
77 747
1442 503
361 739
1256 410
1095 50
461 881
1381 1507
865 186
597 784
1316 1020
418 1371
1170 165
1551 719
1432 1136
814 1261
754 465
1582 254
1234 165
850 480
482 998
1213 167
235 1204
840 713
239 1047
426 1573
856 543
616 56
1131 1498
588 586
1158 890
1468 134
920 915
413 984
1208 199
1387 258
1231 1074
607 1417
279 708
71 884
712 1155
246 417
794 1593
148 719
1477 208
364 552
220 1442
1085 948
610 683
184 1421
413 351
212 112
1270 1455
658 384
426 1464
1342 330
1566 1123
1584 1149
1487 949
1440 1172
1345 809
1333 320
543 611
1381 1103
267 853
658 794
293 973
873 1176
901 615
1238 549
98 208
386 1318
623 1389
1216 84
1295 728
1355 675
1243 39
1579 264
96 62
1111 1161
157 1346
842 1035
799 596
180 885
728 705
692 745
913 1204
35 1378
109 1139
851 959
894 1366
130 134
1013 1074
206 1289
503 786
297 1145
34 48
870 1128
111 307
532 1368
1420 1186
1028 10
106 738
262 1003
120 836
1219 1493
1587 1398
1113 1107
1393 962
1124 279
663 578
73 442
801 329
1096 1462
1138 527
264 661
677 852
710 1235
340 781
1421 548
485 344
1369 1133
827 826
1307 404
1185 849
1245 345
356 1505
1322 1301
180 1378
1580 581
849 1385
379 300
191 255
641 818
719 672
1487 735
1431 658
1548 1207
920 102
1505 1089
1213 602
1465 682
1065 198
517 1543
1568 130
381 338
772 301
494 526
214 1334
958 1113
1005 393
90 354
1446 1227
96 680
549 1102
830 1480
696 240
457 1220
783 909
358 453
909 1580
241 241
318 1152
1575 686
918 1044
1418 887
1430 1044
1356 763
345 885
329 296
1080 504
1276 554
403 157
58 1273
435 206
11 286
1153 728
1276 214
90 1459
1077 36
962 1376
587 565
1311 925
1153 1190
1127 772
239 740
481 1163
1443 545
1421 151
1459 191
1083 836
148 169
1521 91
470 539
799 758
1282 537
1255 591
228 1484
1262 4
318 837
1050 1264
171 1183
435 1489
282 345
1123 448
198 11
1547 412
386 2
1571 434
1156 612
977 1375
442 466
1120 838
494 747
1012 2
706 1376
689 901
1319 1435
1054 1223
1225 512
724 1531
737 514
1218 1279
325 1559
858 1499
511 1297
1494 10
310 1209
1256 190
314 871
816 64
26 260
597 509
1415 1299
791 1213
738 662
449 1167
1067 1068
68 2
991 392
603 1532
1441 1272
868 504
1289 67
709 1063
1382 642
68 836
1474 413
1577 1330
415 318
1557 391
1244 481
1500 1431
86 1286
668 1230
269 526
954 405
876 186
581 1423
1164 1054
627 1448
1348 763
1118 947
1385 1138
540 349
188 1129
1436 1150
474 1115
418 134
591 477
1001 1586
1544 769
252 1542
849 602
1192 33
646 506
429 932
205 308
687 279
1261 622
1169 416
1409 418
592 719
401 584
1440 248
1467 693
478 1133
347 609
1090 1455
797 762
455 1470
1304 273
769 731
678 1571
876 445
1012 430
989 1579
846 1064
1193 544
578 772
478 535
1480 584
1545 855
181 114
786 459
1439 526
1427 1130
712 525
501 911
1015 924
1385 869
600 810
1223 806
247 699
1316 56
1482 438
1467 973
259 851
508 533
1571 238
1439 1005
1076 1329
187 1031
783 957
439 1216
977 859
126 60
473 1195
1062 113
1231 1451
470 458
250 1409
1142 583
1288 496
1137 221
1101 319
1196 7
270 137
1146 998
510 786
1124 698
223 48
631 485
806 1105
327 690
578 904
699 893
1215 792
1394 452
898 1470
1485 523
448 783
319 762
539 1386
767 1439
304 751
989 939
299 1387
678 1055
1141 1446
932 629
316 1043
108 1426
1251 1163
1236 763
54 932
304 72
1424 1443
1240 1287
243 547
471 121
336 721
1321 81
633 1256
495 1192
423 1416
752 1049
611 9
1168 18
1108 381
370 1421
541 1492
652 1400
1420 205
1039 637
476 70
758 541
870 891
427 49
1319 1565
177 512
642 601
680 1424
1057 248
235 1101
1153 978
1546 1481
1557 1072
1115 1223
437 162
295 835
155 136
519 1512
1410 186
992 1379
1507 1406
702 496
1272 1479
899 107
764 1065
1460 561
708 771
533 571
1503 749
216 312
530 1103
1156 1197
1103 1013
1546 1534
232 1460
255 50
1393 306
541 173
509 1124
741 59
445 1177
711 1506
989 1456
474 720
168 211
1230 967
843 1012
1005 1061
749 1001
655 372
727 1104
1359 700
1406 276
678 189
110 906
553 576
110 60
275 50
447 15
1057 585
1319 7
1399 105
1055 1168
920 1311
1205 1191
1389 1029
538 1439
1127 1461
202 266
418 891
1029 589
759 613
351 1301
1581 283
104 1309
879 1279
1293 1000
749 321
413 449
137 1506
1164 1009
541 929
303 1123
620 1583
1044 616
5 801
1065 837
1327 912
832 357
1515 854
1293 694
207 1397
385 1019
94 578
371 1229
521 604
986 573
665 1088
1586 353
101 1461
1003 1505
433 289
893 1316
33 131
781 1494
327 1143
601 608
940 438
232 1508
1062 76
1234 1289
223 1289
185 243
587 1295
428 62
800 1458
1336 206
466 853
904 791
719 963
1472 1552
350 1439
1201 381
580 1037
11 179
103 931
793 508
547 302
122 570
725 485
473 1524
680 1137
682 1531
442 1596
48 831
1166 673
1122 1287
312 318
597 831
992 392
1019 63
502 52
1363 1568
415 1559
689 1053
798 716
917 1557
197 485
1447 1494
99 903
1468 312
554 1217
1376 1125
1253 417
1161 1274
1566 1285
471 1361
797 614
1227 1461
828 888
606 886
1142 348
843 921
469 1538
599 152
1576 112
944 1512
922 570
1397 515
36 210
271 117
786 1114
81 103
1191 1542
872 984
134 1544
1302 112
1226 417
759 321
235 811
48 459
43 1196
1329 622
1041 455
353 880
860 590
50 661
1390 517
655 1583
764 180
26 242
888 1347
8 1170
163 213
1339 9
1223 1322
1441 1122
298 42
189 1039
270 66
309 969
1579 638
1508 1310
1536 1197
282 631
1491 169
1500 950
1120 1000
844 1255
823 1255
963 1383
1113 1019
1354 1049
193 919
240 1472
1221 1397
1515 606
1215 208
679 562
766 955
916 645
1455 528
1030 1137
397 20
712 1062
1552 473
54 996
1298 807
1274 1000
45 961
992 444
31 570
1294 46
1464 1294
1159 817
1567 309
975 1060
1257 1127
1506 1444
1483 1062
1180 1140
1083 1374
1015 948
655 177
392 840
1245 644
382 1190
1015 358
1335 1321
622 216
1448 1378
143 1523
1121 1185
1238 564
424 629
1214 250
1575 246
650 29
576 493
899 1224
1589 390
483 256
19 962
1338 712
974 399
690 988
285 1451
1567 38
855 1265
684 840
115 1061
951 296
471 492
103 245
124 838
1159 286
232 678
350 1581
1217 1530
76 890
493 525
494 301
791 349
160 291
303 728
647 1239
786 235
1447 35
776 99
818 339
446 749
932 761
554 795
1160 374
1439 881
1278 385
1 384
394 98
606 1286
238 1546
804 36
756 605
366 259
1318 344
824 950
1020 1121
70 549
252 737
449 1538
1160 33
736 1325
1436 243
327 246
1003 1348
29 1192
492 124
1105 1336
1231 12
1134 165
696 876
262 540
1089 1466
400 117
252 218
662 1470
349 80
581 391
1344 1599
1109 517
698 1424
955 102
1141 20
343 1517
500 1046
769 1408
501 379
1539 327
1275 692
60 496
930 751
1570 1367
1482 1035
1511 1334
763 1400
882 694
1533 1483
1417 1363
303 1538
1438 58
1206 1284
1381 969
503 630
600 84
1416 1334
825 1089
914 654
385 1070
300 98
1171 34
1485 1332
768 316
1158 1436
126 1037
354 1515
482 874
631 1363
1352 851
984 1153
365 649
1051 1126
1171 466
820 239
1524 1536
127 17
743 1095
1202 1144
563 311
1126 131
1400 101
295 348
526 179
702 1264
380 387
6 756
629 684
1529 1371
1405 760
625 1040
220 894
1295 769
595 753
560 379
30 1554
1213 722
1320 1043
1314 1414
171 327
808 183
109 139
670 1047
1143 215
530 1323
1208 1269
621 643
91 492
556 1240
1112 573
1031 495
581 617
532 456
1455 75
1555 1311
157 71
616 10
376 1397
1185 768
309 1391
1375 963
774 465
1189 707
742 147
492 1296
743 748
1578 997
977 315
640 40
607 525
874 1270
749 1209
80 1206
648 1288
1330 120
662 38
341 969
746 1585
1357 994
151 203
136 1061
830 209
512 763
1406 1464
1061 621
1348 1042
1210 1388
1132 1242
1459 679
258 1070
1317 685
368 1598
1575 1502
962 1040
964 195
653 778
377 596
1258 317
960 1365
1579 1431
1595 1166
961 200
946 58
795 819
533 1260
649 435
1056 960
1105 699
409 1377
1185 1213
28 355
936 1415
185 1570
1286 972
732 1203
816 1085
234 1033
379 1491
874 185
1319 391
611 780
8 214
1420 278
357 1089
672 840
649 1264
106 503
1229 1138
1215 1347
790 312
180 1226
135 946
1074 1350
720 1141
958 1425
575 464
1348 748
1107 675
1108 1535
101 801
407 1546
1196 1127
1258 276
884 498
28 249
301 1211
865 1461
1544 942
231 393
234 296
699 804
100 649
763 1024
347 228
308 1521
1495 94
381 535
1215 1115
1018 745
1175 827
1498 1243
1442 587
1420 1139
1328 556
954 558
1233 33
1497 146
96 714
847 1300
1187 922
1562 843
1573 212
204 606
1178 320
149 843
481 692
638 414
1373 1499
215 823
1336 979
341 1345
1436 1560
1421 1098
1215 435
777 1372
791 1551
1435 1447
1524 932
1238 299
1586 214
810 591
1073 744
1599 241
425 51
19 131
1474 1263
449 727
109 417
1566 563
352 1449
139 221
1066 753
169 1357
992 118
317 267
1301 654
324 1524
313 967
297 873
536 1489
266 666
593 1270
612 131
1396 276
21 916
1226 1505
928 286
898 513
553 989
755 69
1453 455
1088 1080
1336 1122
1430 1536
1017 1409
899 1511
919 1343
973 226
1354 213
468 1544
630 1443
1379 316
375 941
1593 463
791 284
1022 1473
759 875
1157 518
1583 428
720 864
1435 1571
395 1559
334 511
422 469
702 235
457 1566
1360 1356
357 1005
155 377
1517 583
557 1033
118 961
557 1182
696 1179
55 881
730 454
428 582
434 530
1522 86
756 407
502 1041
993 25
663 28
302 767
1599 1069
733 1107
1065 6
1573 252
1491 655
1015 1266
354 1542
1445 550
1488 1242
192 1268
1216 469
692 662
330 436
1549 1539
1041 812
543 1112
1315 1260
1241 1219
733 73
816 1310
1450 167
1082 972
70 1519
1484 991
539 7
253 1472
135 684
338 1026
1408 159
376 1074
207 877
582 921
1595 1235
1217 1359
845 936
1053 295
1271 1366
1464 879
1334 1195
1281 863
1346 1459
245 998
843 493
1277 1014
1320 460
242 136
253 626
286 1094
433 399
854 1121
416 1453
770 1110
1259 1451
667 765
989 651
281 147
934 1192
83 1554
1220 1329
666 809
324 1479
171 972
1212 728
472 7
1135 1150
596 757
1053 766
811 560
1302 1148
1470 404
351 97
923 171
999 1081
3 411
1123 1225
112 1021
63 223
386 1179
1423 1139
701 555
1543 360
1381 1476
1028 1425
674 1097
1380 286
71 764
970 696
234 1264
525 962
1006 496
1448 1332
571 1235
1083 738
1242 1501
1493 538
664 14
1235 448
484 1352
932 117
1594 1575
886 174
1220 812
803 994
1016 809
1593 307
895 97
399 54
834 562
750 691
971 1230
666 940
370 1084
1151 59
544 1216
143 1191
441 1201
1532 1577
163 1116
369 140
1034 1290
1203 303
312 567
1345 368
1216 191
1156 741
216 409
1579 1537
737 946
401 1138
1415 1363
91 188
1595 686
1072 1497
176 1445
1317 1517
209 1144
1078 1524
1179 22
292 1554
1244 1541
1439 1520
573 831
1034 914
1383 1509
1477 412
402 257
1520 1360
453 595
206 1541
109 370
592 773
200 418
286 415
740 243
942 926
948 16
97 1010
329 1045
358 1280
412 868
1476 458
893 23
558 407
901 104
304 706
1520 66
994 1436
1201 413
1052 559
394 1179
1358 747
949 1548
895 314
202 1356
167 295
1001 1145
1305 388
609 1157
1171 1193
1215 944
1513 1349
224 315
1347 552
725 541
572 363
539 649
229 1166
1346 1159
1591 240
1479 1223
332 893
796 755
900 1319
1034 827
834 882
1145 561
1275 1168
616 907
1459 302
794 376
823 325
608 841
332 1540
1012 303
642 1469
1355 266
342 714
895 1442
1237 1055
1260 1168
594 1057
1402 59
1238 1578
24 1241
1091 837
1130 503
1185 1121
1109 816
1199 563
474 623
1116 344
1475 1262
67 1124
839 1345
349 360
224 389
1133 52
354 1356
175 487
641 327
914 1500
741 572
1047 474
1267 607
181 1587
407 1301
614 1029
867 753
923 650
402 1238
938 35
944 276
835 72
708 1539
90 1467
1068 384
681 855
1513 946
1229 33
258 923
307 757
525 15
776 904
487 841
1039 1596
178 1588
792 1593
766 1286
643 329
603 409
1538 942
1052 1248
984 307
997 1558
987 1447
451 52
953 1130
464 676
1203 329
155 595
415 1080
971 8
1192 345
1192 1259
1332 160
1098 433
943 1356
222 1571
624 138
1599 1161
236 1248
1446 756
107 7
1076 798
164 25
696 649
90 54
388 298
1336 1261
530 910
1168 958
1260 701
1100 752
429 421
771 728
968 174
556 523
916 1579
228 654
1319 36
514 450
76 204
107 1529
1018 1111
1146 60
1325 137
371 500
58 875
1300 347
491 883
1527 981
388 739
215 588
640 1349
115 436
341 1143
6 1576
1143 830
1072 1212
1434 995
1284 1477
605 1118
1180 466
241 739
640 1312
924 1263
500 357
763 775
772 670
149 873
1566 136
1571 122
1207 1467
569 1071
1325 920
372 647
365 1150
1310 618
325 1573
1442 150
135 346
1085 1090
1350 1290
608 1221
1303 780
360 243
450 885
1212 775
1012 52
583 1040
900 14
1323 766
574 1484
144 283
1074 703
55 993
435 53
1512 1115
372 823
840 896
1007 193
1218 1338
561 1491
1123 855
1355 103
314 1027
1087 23
1524 302
878 740
1402 1349
115 1218
729 1530
1539 518
262 513
648 229
364 1345
620 1119
1332 1127
690 962
1316 1022
1128 613
329 494
1202 70
547 1507
239 100
819 1341
409 1300
1057 753
1308 886
845 887
1015 639
62 895
1033 1586
1219 1363
1285 1432
838 1388
1289 171
1172 683
545 704
1284 995
1229 1552
202 771
457 272
664 1533
781 1334
1374 1067
1429 672
785 301
707 1512
537 1095
318 291
663 73
783 739
705 1212
769 117
140 380
1248 1365
72 644
1565 520
1098 1376
283 655
95 313
730 855
141 804
1479 1183
529 762
745 308
584 154
850 631
1444 284
640 380
21 1337
131 1563
701 360
1108 229
1315 1170
747 624
1327 314
1201 456
880 977
388 131
459 295
773 960
1295 1017
143 683
699 78
804 1263
1322 1052
166 1002
357 809
592 901
1574 1539
626 1185
1007 1194
742 1105
492 380
1076 1204
853 823
525 1359
490 1313
1437 1237
315 1358
949 865
1320 872
109 1248
334 1483
1320 888
1320 1194
1200 822
1423 1111
1423 1225
384 410
15 656
738 373
1101 378
539 703
1153 1114
807 78
572 1439
358 958
796 54
798 1168
457 513
677 485
1101 536
754 1057
855 458
1081 753
308 1009
79 1166
844 373
591 413
62 189
706 371
139 1219
433 134
1556 1234
226 652
290 1200
736 552
820 223
612 464
1552 1287
1007 1036
315 339
1019 1330
4 117
252 983
1599 772
1088 763
1052 1049
994 941
231 942
38 1019
296 202
1044 1276
1223 248
1178 1198
1494 1469
477 1278
260 1145
1521 1388
1001 922
481 424
990 1380
924 1567
1212 203
1521 690
1581 1548
46 761
806 122
692 1233
863 225
1544 770
1096 1257
1286 1143
1246 437
602 1570
1090 367
75 765
350 517
811 1489
585 619
1322 508
507 314
684 1271
666 1245
1406 1242
99 1390
448 333
963 1429
299 1186
1472 999
776 1111
1426 824
561 604
204 848
715 1027
761 322
1315 397
858 870
855 1550
103 663
1436 320
804 1385
616 279
64 113
1036 1314
845 676
1291 1149
525 785
283 862
1004 978
1306 1473
124 49
1421 1077
1049 1092
963 1303
789 1399
1043 32
86 621
703 1049
687 1212
68 1230
1190 1244
1369 36
931 987
92 1336
239 426
906 1115
613 680
1554 1446
875 578
1556 1247
1506 1137
389 1239
392 1068
426 1131
1012 838
998 1286
474 93
645 226
280 1342
1433 846
1149 204
815 1439
486 1060
1408 1227
723 525
767 607
610 548
1026 1259
835 626
1308 259
868 1330
58 538
211 1494
6 1190
360 1461
40 988
1043 591
1463 929
284 1030
647 819
1187 803
147 1419
491 813
1388 1009
97 697
1416 1416
1501 83
889 1592
477 1087
1228 710
581 1579
815 689
808 913
540 470
1198 49
1091 1551
1485 636
1307 437
1240 1555
675 1360
1348 1371
102 441
935 1177
942 1462
132 1150
620 1380
1435 687
1129 755
425 1315
1138 1149
629 1022
1311 1531
1468 1275
1361 625
1118 762
1545 1491
1560 199
1533 20
938 203
654 416
623 676
659 1513
363 1451
103 823
1283 144
1093 858
953 131
1215 1501
835 1077
1560 666
610 1513
404 837
421 961
1044 97
1588 1486
248 30
607 252
1228 839
814 1147
296 1514
898 1316
320 891
1088 1054
634 1485
353 578
333 861
499 1509
491 1441
47 459
667 1471
1032 516
114 40
561 935
860 205
916 581
201 584
818 1304
551 154
1254 798
1516 1044
261 1573
1122 1429
320 595
1371 1109
299 1277
1072 202
456 372
4 392
1393 328
1573 78
134 617
1528 674
541 505
681 954
141 1520
913 1522
693 193
1431 1215
435 686
25 1357
893 970
309 1
1442 1349
216 495
267 256
1310 1048
1537 707
898 1463
1433 621
498 815
468 362
369 706
889 1177
1455 1580
1287 1299
333 1366
720 834
942 1047
541 587
1587 473
1201 443
1180 1532
63 1012
1126 222
1438 836
31 669
554 466
1310 668
409 555
323 1116
1473 276
569 331
756 683
1596 380
227 92
1083 1213
496 592
294 668
1578 134
517 758
1390 792
880 662
674 10
836 26
743 718
738 335
1001 1308
488 213
975 430
89 701
1070 768
582 23
1342 1253
604 21
750 1238
148 377
534 762
1565 1153
231 830
705 986
932 299
1214 381
156 1067
814 894
866 455
170 379
695 41
68 1076
33 311
946 884
900 983
362 1222
432 633
1255 920
113 1449
722 804
1580 447
1517 523
366 728
1532 525
347 793
1065 1448
1146 1086
820 667
1382 1052
1077 383
678 1245
856 1237
1283 877
717 557
664 103
536 1227
1265 309
504 866
665 300
574 1076
1076 699
213 414
654 56
997 62
937 1445
1312 773
318 445
1170 1512
236 730
443 1475
41 1362
218 754
1354 896
759 642
956 1348
908 1494
169 235
1201 248
198 901
1235 1152
1191 1419
965 1541
308 1274
1574 1235
1300 1570
802 512
982 769
1259 79
21 1371
835 120
879 523
430 848
309 638
1311 397
865 204
1026 901
999 938
388 1511
452 1222
1162 1043
65 1090
972 921
372 253
1555 1549
1055 520
692 1302
668 1084
1450 282
1067 301
251 1578
27 1202
315 601
1391 77
210 1343
934 1105
1134 379
807 678
1476 1385
3 1564
395 1015
681 226
1139 1030
821 834
1385 571
212 748
1297 1386
687 1015
1484 1122
587 1098
975 32
582 1188
492 35
414 389
732 1410
139 98
654 877
368 1350
467 481
563 1233
1442 67
221 215
39 1490
461 670
547 162
608 1331
1584 1413
332 913
124 311
1487 728
1579 730
1480 1520
177 1145
844 9
1093 673
1506 937
1313 1052
801 417
705 837
129 1129
1130 1102
1495 846
1331 265
692 628
894 1161
266 21
627 705
1130 397
1173 485
1313 245
599 1567
522 918
661 494
1399 935
915 454
1403 1317
70 1455
721 931
