2 16
19 19
25 9
37 31
39 32
3 7
20 9
1 9
34 24
13 24
11 27
24 16
15 37
29 20
5 11
25 4
20 26
3 29
1 3
6 1
9 6
3 37
39 27
32 30
39 4
9 20
18 12
1 20
16 31
16 1
35 28
20 34
7 25
2 3
18 21
15 39
11 35
29 35
8 16
25 21
13 26
26 33
3 33
14 3
37 35
7 11
4 31
23 28
37 26
16 34
32 18
6 11
29 11
30 34
22 26
17 7
10 30
25 11
30 34
10 3
37 31
36 17
12 25
33 18
39 9
27 13
1 12
18 14
31 28
21 22
16 31
33 13
6 6
15 29
10 8
2 23
33 27
22 35
6 19
37 6
23 39
24 11
17 4
23 39
16 22
5 7
19 38
14 32
37 18
20 38
20 18
7 33
19 33
19 25
25 39
28 28
10 3
30 14
26 31
3 25
29 8
10 15
13 10
19 1
34 9
18 13
5 37
33 12
2 17
16 34
3 37
9 5
4 28
35 14
27 22
37 15
35 22
31 21
15 37
14 18
12 2
9 31
38 26
29 7
18 18
12 27
32 9
33 17
18 1
39 38
2 24
5 36
28 23
16 6
30 38
19 27
10 2
12 9
4 31
11 37
35 5
27 16
23 33
31 17
31 39
3 25
14 6
12 33
5 10
16 22
39 33
33 14
27 20
35 35
37 7
35 19
23 6
8 26
39 19
24 13
