30 3
22 17
6 47
1 15
6 13
25 19
46 23
30 28
24 17
39 6
49 29
11 39
21 22
19 6
4 31
7 44
35 7
2 18
44 45
18 13
6 21
15 13
3 17
2 21
43 11
6 32
46 24
32 36
21 46
41 35
28 44
23 15
35 13
14 10
47 35
23 17
15 11
21 18
5 47
4 9
18 2
4 20
43 46
25 34
1 22
13 25
26 42
5 42
19 22
14 33
12 24
21 7
46 35
36 39
13 14
47 47
25 11
49 5
21 29
13 33
12 22
46 15
5 39
16 25
11 29
34 31
45 14
23 35
33 28
40 14
31 44
37 30
4 32
26 48
15 5
45 21
14 48
18 44
18 48
22 1
36 24
28 42
17 46
6 48
10 41
15 36
21 31
48 36
45 15
12 15
40 26
40 18
28 4
9 14
3 1
42 30
47 1
36 2
16 9
29 7
7 46
23 8
25 26
12 46
12 5
29 3
42 8
35 32
19 23
21 15
43 23
20 47
17 35
13 10
24 8
21 19
6 6
48 42
11 5
14 22
1 5
47 44
39 29
48 28
27 25
49 13
39 34
48 13
40 22
11 8
7 48
23 48
6 47
2 37
18 42
7 43
31 39
3 18
49 49
12 5
23 20
14 7
37 47
21 40
47 25
34 25
4 36
2 18
12 5
36 4
23 43
35 15
42 39
34 15
16 30
4 41
14 30
6 31
26 36
28 27
36 40
3 30
46 27
17 40
20 25
26 11
18 47
19 25
49 35
23 33
49 30
8 5
25 27
3 43
45 19
34 2
11 21
24 45
25 3
3 2
27 28
7 47
45 35
8 31
19 14
1 18
33 49
26 12
32 29
38 6
8 45
48 31
31 17
34 31
32 5
19 10
2 41
30 38
6 5
34 43
48 34
21 27
39 6
2 18
14 6
37 36
25 8
25 46
34 19
48 22
4 26
7 12
11 38
31 24
13 6
48 31
21 14
38 49
9 46
14 2
13 8
14 26
12 3
15 20
9 30
25 34
33 23
8 11
17 39
4 14
28 40
46 36
4 21
7 46
44 2
29 28
11 44
30 12
35 15
34 19
35 36
36 34
45 33
3 11
30 30
46 33
46 24
21 49
28 28
29 43
13 27
13 13
18 34
18 17
41 8
46 9
42 40
12 11
31 9
1 11
33 41
12 2
47 8
27 4
23 36
35 44
16 20
10 4
19 17
19 1
34 29
1 26
18 21
37 25
44 14
4 16
7 36
27 10
9 16
1 25
6 3
9 3
14 49
32 23
37 20
27 22
22 29
42 15
38 38
18 9
15 31
23 19
23 16
18 17
33 43
48 46
47 34
32 9
25 42
14 24
13 45
48 16
26 38
28 18
13 13
3 32
22 32
16 28
8 35
4 7
39 17
46 38
44 47
44 34
23 37
20 12
33 20
29 33
47 12
5 41
