21 46 2 3
6 46 45 18
32 35 28 39
39 44 23 16
19 26 39 27
2 13 13 9
26 30 40 6
38 40 38 18
3 32 20 32
26 2 30 1
31 7 26 25
43 44 40 8
19 26 16 40
46 21 7 16
31 7 29 45
38 49 42 31
26 35 35 10
46 39 28 46
43 34 24 20
14 38 13 11
47 12 17 22
9 14 29 37
31 18 45 36
29 5 5 18
9 6 2 49
23 19 44 2
5 30 15 30
31 49 41 35
11 48 11 22
7 5 23 38
46 47 18 7
29 5 10 39
46 31 46 10
2 5 20 28
9 9 42 2
21 32 16 17
5 8 7 17
30 23 10 39
31 15 18 1
33 6 49 13
2 44 15 38
32 19 20 12
49 29 49 47
13 7 7 7
15 33 10 19
8 24 39 40
9 19 21 9
29 13 28 14
44 6 20 38
42 5 44 45
