37 14
30 42
35 14
35 28
3 36
1 10
10 24
2 55
56 43
12 55
11 53
38 24
47 1
39 46
5 39
9 25
36 56
2 22
37 38
12 20
56 13
41 32
5 35
29 52
15 1
58 34
45 37
37 5
40 58
53 33
27 37
9 12
31 54
53 52
21 37
29 27
33 13
29 48
53 14
21 57
12 52
44 20
18 59
1 1
11 18
32 59
56 17
44 27
57 18
47 10
53 52
51 3
32 10
26 7
50 42
28 58
55 34
5 56
51 1
55 50
37 41
54 58
12 8
19 52
57 44
40 17
23 43
41 7
53 58
16 33
9 54
44 53
53 53
15 18
55 44
20 47
52 47
1 15
17 8
53 3
14 21
39 23
2 57
31 48
38 51
45 52
10 58
34 59
56 48
37 1
56 59
56 29
31 33
33 45
32 5
12 59
45 57
23 41
14 2
28 47
35 14
20 20
3 16
37 8
25 22
41 2
10 2
11 7
25 59
6 6
48 13
4 16
34 37
30 54
8 28
54 4
34 10
51 51
24 34
48 17
34 47
10 40
44 34
35 44
25 8
33 22
46 58
2 59
50 20
22 43
12 36
21 56
43 54
41 25
25 34
27 22
19 55
23 47
4 10
15 57
23 7
51 6
38 15
8 23
14 7
11 44
23 19
40 16
9 40
5 41
3 36
53 17
8 45
54 13
21 40
38 45
24 45
55 35
3 34
6 21
19 12
9 30
10 23
29 54
48 44
39 57
39 37
5 12
14 24
28 29
30 5
39 33
17 10
51 25
14 50
41 29
31 35
59 46
7 44
48 30
36 47
19 17
39 24
40 8
1 9
2 49
10 29
57 42
22 42
22 9
21 5
14 10
11 46
47 17
33 15
2 27
45 25
18 48
40 2
12 45
45 55
15 20
6 27
26 58
27 10
30 28
16 36
33 6
44 43
56 22
35 33
1 9
27 1
29 31
44 35
32 25
31 51
5 25
44 29
3 31
3 16
37 22
19 19
4 51
25 10
26 10
13 13
34 30
41 44
56 2
49 14
43 26
21 10
39 33
7 52
51 53
56 16
31 39
34 21
7 54
57 9
20 58
55 14
7 35
26 57
50 49
40 16
48 42
45 20
27 12
48 40
21 30
52 57
55 49
11 52
34 46
46 39
36 43
18 33
33 45
56 43
26 37
45 44
13 28
18 26
37 59
25 2
55 10
31 52
15 56
3 13
44 24
6 45
2 54
5 8
30 47
27 38
26 57
37 7
8 19
37 47
42 17
5 40
45 58
49 41
26 3
42 14
24 53
43 44
35 37
15 59
39 24
56 51
35 11
22 16
17 36
33 49
29 46
18 45
44 29
26 55
12 32
31 50
12 28
41 44
53 54
40 39
30 1
23 29
30 32
25 40
54 54
36 16
5 28
9 53
53 58
27 53
31 6
2 56
17 30
23 23
57 21
37 50
12 41
2 8
41 33
38 54
58 50
38 26
24 57
27 22
51 8
27 54
18 33
39 30
6 8
50 51
15 50
54 20
47 26
5 39
54 44
30 22
41 8
46 54
45 48
29 45
39 51
41 41
20 18
36 49
30 46
20 7
52 46
2 10
35 39
31 19
45 26
40 15
13 56
36 27
46 16
48 38
47 28
39 6
27 41
57 17
11 9
10 26
13 19
34 1
49 51
14 3
29 59
47 44
37 21
38 3
26 16
17 44
31 59
46 2
5 51
8 4
12 27
40 11
33 56
2 54
38 43
26 3
3 7
28 32
10 13
56 20
36 36
30 5
21 47
26 40
49 47
32 16
52 43
38 42
12 22
44 5
11 17
16 33
29 35
35 34
46 13
6 18
35 24
21 37
56 25
13 53
30 31
25 21
52 35
46 44
38 34
5 8
6 26
36 58
26 6
51 54
41 8
24 2
59 49
48 2
4 47
21 55
18 39
6 36
35 7
32 49
10 8
54 29
5 38
16 11
59 23
32 3
36 24
16 53
56 2
5 38
52 29
35 23
15 13
19 7
43 4
16 2
35 49
22 2
56 1
22 1
47 41
29 24
43 56
58 59
25 22
55 49
34 22
3 21
54 35
51 45
11 16
21 5
13 27
45 2
39 25
53 12
18 23
27 57
21 12
30 40
54 51
16 32
5 30
34 55
19 46
35 37
7 20
56 27
10 55
48 15
51 6
38 21
25 47
36 17
38 23
48 30
16 52
59 59
6 11
10 50
11 2
25 35
20 33
39 3
50 35
6 27
27 19
16 19
20 27
18 46
27 10
13 19
53 9
5 51
30 24
45 26
23 29
51 10
54 6
40 47
43 48
49 56
36 22
43 43
29 26
7 4
44 20
4 41
8 53
56 23
45 22
14 50
37 18
38 34
58 23
3 45
24 50
46 34
48 52
51 49
3 1
5 49
55 52
45 28
49 21
58 2
47 26
36 26
20 50
31 10
55 51
15 21
46 48
25 53
26 12
17 31
22 31
18 42
38 23
50 44
18 28
27 16
1 10
34 30
59 15
37 55
40 50
1 50
34 11
34 31
17 13
29 44
50 33
40 32
46 28
27 55
27 50
34 32
37 45
17 13
31 9
37 24
21 42
22 7
11 16
55 49
32 18
12 57
4 22
54 49
37 38
4 7
9 54
48 35
7 35
15 49
54 47
34 45
4 21
54 39
37 1
9 48
57 35
4 2
59 28
50 29
26 21
22 46
50 28
31 2
7 8
41 3
18 13
44 8
6 51
28 51
47 12
59 22
20 25
28 14
40 32
56 46
5 16
27 34
29 19
47 5
26 4
56 48
5 45
43 15
14 23
48 28
58 40
53 32
3 7
39 38
58 34
5 34
8 51
18 33
41 17
30 36
18 35
15 14
22 55
56 14
17 24
