50 28
45 1
35 24
3 66
12 45
51 22
42 57
65 13
27 31
3 23
46 29
65 8
56 47
52 24
15 52
7 4
26 46
33 17
59 38
4 28
24 54
68 58
37 17
21 63
46 27
56 10
4 56
28 4
62 25
13 3
47 25
38 61
58 48
38 5
30 63
65 44
22 57
44 34
13 24
2 48
53 51
55 52
1 24
38 68
33 64
13 66
69 3
64 53
60 55
63 6
47 38
28 15
4 2
16 69
62 41
2 44
26 14
35 32
38 61
26 1
62 31
25 49
48 9
37 2
3 66
23 29
52 45
60 11
55 56
4 64
2 64
35 13
68 19
33 12
47 61
39 23
61 40
69 48
57 26
41 65
68 55
22 38
31 22
48 7
40 31
29 18
22 34
29 6
54 55
67 51
1 64
17 13
58 2
7 15
61 20
18 24
68 61
26 28
29 54
39 60
16 18
22 21
23 40
18 52
59 62
60 50
44 33
5 59
18 18
38 11
69 50
5 43
53 12
34 46
45 55
13 8
27 57
10 61
23 58
1 56
40 5
50 22
8 69
34 10
36 27
41 42
19 55
36 56
40 56
65 25
12 22
10 27
66 42
60 47
13 56
24 61
27 41
19 42
64 9
23 65
62 29
31 1
32 61
60 8
35 7
19 50
3 24
11 26
43 52
19 64
51 42
12 43
46 10
67 68
1 23
36 3
56 45
27 23
60 3
22 35
68 55
42 16
37 12
30 23
58 11
42 17
23 61
22 5
61 46
64 59
40 39
15 25
16 30
58 46
37 43
23 49
47 41
6 68
41 53
24 58
61 56
25 59
37 7
37 10
8 37
3 44
20 30
3 13
40 2
60 64
42 2
17 22
33 60
48 17
43 28
29 58
18 23
25 62
15 63
49 35
47 61
26 64
33 27
43 62
42 58
61 64
66 62
10 18
59 47
15 21
25 42
26 58
20 53
6 11
54 1
27 37
3 19
55 68
59 20
30 51
45 60
40 45
13 29
63 35
25 6
41 39
11 19
45 27
69 50
16 64
53 69
29 49
7 42
61 28
19 16
56 69
16 26
10 48
48 65
47 63
37 39
23 57
28 11
4 58
17 45
40 8
38 47
5 8
36 10
2 8
60 35
16 25
44 60
47 11
7 56
24 32
59 55
20 65
19 32
45 23
7 26
3 47
29 32
7 16
31 1
59 41
23 65
61 33
7 17
68 38
63 33
31 47
9 50
54 42
48 53
64 2
30 67
66 22
56 11
27 3
32 51
58 18
41 30
31 61
61 18
26 10
29 57
24 21
2 49
47 29
35 14
19 42
57 55
49 17
61 62
39 18
53 13
16 17
40 49
10 6
62 15
69 31
58 56
33 13
60 10
6 19
2 60
41 69
46 58
39 31
21 29
2 65
41 46
8 23
25 26
3 64
25 62
16 1
51 19
1 37
48 8
68 62
45 32
14 26
38 18
48 1
15 31
14 18
61 22
63 12
32 15
38 16
61 54
28 28
47 5
49 19
44 30
22 48
63 15
7 27
59 13
38 58
38 35
67 41
18 50
60 48
31 49
20 43
42 31
48 35
9 24
1 51
24 66
15 59
46 4
18 47
45 58
27 31
39 58
29 51
14 57
8 62
56 57
6 46
55 23
29 4
40 18
29 44
65 68
34 44
35 1
29 40
57 56
10 14
43 47
58 38
31 2
46 52
69 3
16 15
38 40
27 27
68 49
6 13
67 7
34 69
41 60
61 8
31 45
33 46
13 45
66 52
48 38
60 26
54 48
10 3
54 22
49 32
29 36
45 38
55 9
69 29
34 5
55 20
24 44
8 17
11 40
27 60
40 10
2 41
61 29
2 49
36 4
44 8
65 50
27 36
6 27
38 64
33 63
33 34
5 65
30 8
23 26
28 47
54 61
22 38
52 68
1 45
22 26
56 42
56 15
38 31
46 19
66 37
68 65
11 20
64 57
15 22
15 25
60 45
35 23
60 49
48 25
27 39
6 64
51 29
57 38
66 28
37 61
3 50
19 41
60 30
27 21
57 16
5 44
35 57
13 63
14 5
14 67
13 2
3 36
31 12
1 7
60 43
19 9
48 25
32 10
40 2
51 63
33 9
13 62
28 56
25 40
58 42
38 13
67 25
67 46
34 3
35 23
5 12
33 64
4 49
49 55
47 7
63 55
56 8
24 22
45 7
64 44
16 66
45 14
60 48
50 17
4 9
50 34
18 62
44 53
7 55
45 15
42 19
41 1
51 21
49 61
31 44
34 61
56 31
7 1
57 27
68 27
36 25
55 26
45 37
14 27
27 1
15 4
52 55
47 7
35 11
51 51
16 43
11 2
34 17
38 49
18 46
14 52
6 30
10 31
55 15
60 59
4 62
32 67
49 55
55 65
68 11
39 2
14 38
25 21
15 55
22 1
51 27
62 62
51 5
31 16
50 9
9 53
6 19
60 50
39 49
15 50
24 48
31 54
3 33
8 21
61 41
14 5
7 18
12 3
33 43
52 59
20 27
9 54
58 38
57 41
48 3
1 27
53 17
42 13
64 45
30 12
33 8
37 35
48 10
26 66
49 53
64 65
54 20
47 25
53 22
18 6
40 29
27 6
41 48
14 5
50 17
69 67
33 2
43 46
67 46
15 10
2 38
19 45
51 46
39 54
34 10
48 56
5 51
20 4
42 6
44 38
33 32
8 17
30 42
17 13
16 10
60 23
5 47
31 7
11 44
9 29
3 51
27 43
50 49
22 49
44 27
7 8
10 54
61 3
65 35
37 54
50 43
43 12
57 69
41 64
51 31
8 12
22 13
59 5
36 40
57 59
27 54
22 53
41 38
44 60
49 49
5 15
62 21
36 6
66 21
54 9
37 51
43 22
64 43
40 2
53 9
21 26
34 64
42 35
56 54
44 14
68 47
13 50
65 6
26 40
43 23
43 11
58 62
36 30
11 68
65 44
17 62
68 67
57 49
8 7
27 13
68 5
11 60
43 28
42 36
5 40
25 4
14 21
17 55
66 49
18 13
31 31
47 46
50 20
9 4
28 1
19 33
56 65
48 30
21 6
18 58
67 17
20 12
16 18
2 46
13 28
65 23
16 58
26 18
10 10
55 10
11 43
50 67
52 57
17 10
32 25
9 28
52 53
41 62
29 69
51 21
42 44
8 29
49 45
9 31
66 15
64 53
20 52
38 21
39 47
1 43
67 57
60 16
26 46
12 1
11 58
4 32
6 28
66 6
41 9
30 15
44 51
52 65
10 22
40 38
8 6
31 57
65 45
25 64
18 16
45 5
30 56
66 43
37 53
11 52
9 7
58 21
17 46
5 63
8 26
32 34
37 1
5 48
38 27
55 52
63 9
36 66
63 20
65 54
46 30
26 62
32 22
46 61
42 64
13 11
21 20
38 15
48 5
47 13
12 67
61 2
39 31
45 45
32 51
54 52
10 33
7 49
32 14
66 38
44 1
64 64
47 15
12 58
56 54
46 27
43 68
32 50
15 56
63 19
46 67
18 35
54 22
39 58
43 48
37 42
68 56
69 52
17 60
11 43
32 21
49 4
61 18
17 24
60 60
14 21
59 21
27 63
13 3
7 39
21 29
36 36
61 46
35 31
43 30
33 17
51 17
42 21
57 43
65 68
4 67
42 10
12 25
44 42
37 58
38 4
14 11
69 46
22 46
61 14
60 57
21 26
47 58
35 37
25 64
31 55
37 7
60 60
1 51
47 16
45 55
10 69
2 29
60 21
24 17
58 67
26 11
15 30
66 19
13 46
55 24
32 34
22 7
2 17
46 15
9 54
20 62
27 29
37 30
5 59
52 69
54 12
21 32
47 50
54 28
51 40
25 64
20 21
63 5
33 3
17 6
49 26
48 19
33 53
48 18
69 25
62 49
25 36
69 46
53 43
11 35
35 60
7 24
56 69
58 7
6 33
54 51
41 6
31 49
44 16
9 13
8 16
61 52
18 15
57 57
11 16
18 37
7 51
65 68
59 26
24 13
45 3
49 32
2 15
35 27
69 23
64 34
67 16
58 38
24 21
10 39
26 8
9 29
65 18
5 10
47 51
29 29
44 37
32 47
12 45
33 63
43 54
34 14
20 48
46 33
63 24
46 57
15 27
43 53
52 53
33 47
58 59
1 31
7 18
25 8
13 37
18 38
48 37
59 27
27 6
55 61
21 22
64 59
39 1
40 43
38 46
56 49
9 2
41 12
62 44
57 39
44 18
51 51
3 8
5 34
64 46
26 30
52 52
4 29
21 22
18 52
50 19
34 47
67 33
58 46
8 62
51 43
3 40
68 59
67 17
68 3
50 35
43 46
29 7
59 15
40 59
3 61
30 9
1 46
64 66
46 25
56 11
8 57
55 5
29 12
13 43
12 37
1 52
30 56
48 30
2 50
20 27
25 31
20 28
39 59
33 42
30 39
63 45
69 1
15 56
34 15
10 2
11 39
54 5
22 58
61 21
51 3
54 18
58 25
13 40
61 29
5 5
34 1
32 19
42 63
65 18
29 10
33 47
60 23
35 29
27 57
60 62
25 16
60 62
56 18
33 32
21 31
29 59
65 67
5 23
52 68
35 35
20 39
56 55
27 15
3 1
63 32
25 29
38 48
2 43
65 53
21 27
7 22
5 66
36 21
37 43
33 37
16 44
22 41
54 27
61 48
55 41
53 64
6 51
34 65
63 50
10 14
22 44
10 13
10 50
1 68
64 40
68 2
19 31
31 67
17 30
58 37
10 62
29 62
28 23
29 39
6 50
59 30
35 11
46 56
29 66
41 52
45 66
52 51
4 24
13 49
60 9
35 16
6 27
69 64
13 24
28 32
66 66
25 2
26 38
26 37
43 21
46 6
69 32
67 39
58 39
39 53
56 37
45 40
15 19
47 65
56 7
29 22
5 27
40 41
20 18
57 42
68 56
60 24
55 58
12 8
37 36
40 5
56 22
34 46
57 49
23 10
37 40
38 20
38 43
64 30
9 1
66 50
68 61
16 21
26 10
11 7
63 39
43 55
27 66
65 68
24 21
23 69
3 36
41 1
57 14
37 31
14 39
68 55
31 21
54 51
52 16
9 63
59 61
27 55
28 66
69 61
4 62
51 41
23 26
52 56
46 16
44 14
23 43
31 1
54 46
15 30
7 40
7 31
1 45
61 32
53 38
42 13
66 33
45 14
48 57
53 15
24 7
24 25
21 6
41 7
43 64
63 24
32 15
39 16
46 34
53 46
35 27
32 9
65 33
56 8
7 28
7 43
10 38
34 20
31 33
65 57
35 23
14 7
45 8
25 55
57 9
61 68
1 54
23 38
14 14
36 45
54 24
37 18
9 2
61 68
40 43
7 61
67 36
59 40
34 41
60 13
38 23
5 21
37 62
35 14
69 47
47 38
2 54
61 36
4 12
47 7
6 50
64 59
62 56
57 67
18 13
27 64
44 5
16 34
66 29
30 37
28 35
18 34
18 8
6 20
46 45
8 32
24 29
56 33
65 66
15 63
26 41
56 1
27 67
46 27
56 26
57 37
45 15
61 62
28 47
31 55
9 15
28 38
25 23
17 17
31 59
41 63
26 67
33 24
53 68
41 12
36 11
53 60
30 46
45 4
27 42
11 34
55 67
67 37
43 55
53 12
26 54
30 8
4 33
28 18
51 18
66 49
67 66
13 26
41 60
23 29
2 69
10 23
11 66
58 18
21 49
66 55
50 49
61 10
2 1
43 30
63 30
